Subject 2 output
---------------------


Taxa 0: NA TAXA_1
-------------------
Data: 1.2198E+07  1.2609E+07  1.2320E+07  4.6957E+06  7.3787E+06  8.7229E+05  3.3065E+06  4.2731E+06  7.9031E+06  9.7672E+06  6.9331E+06  2.7798E+06  4.7802E+06  2.3732E+06  1.6062E+06  1.8569E+06  7.8264E+04  0.0000E+00  6.2909E+04  1.0943E+05  0.0000E+00  0.0000E+00  0.0000E+00  0.0000E+00  0.0000E+00  0.0000E+00  
Learned Values:
	median: 1.2909E+07
	mean: 1.3694E+07
	25th percentile: 9.9502E+06
	75th percentile: 1.6335E+07


Taxa 1: NA TAXA_2
-------------------
Data: 0.0000E+00  2.2516E+05  1.0267E+05  0.0000E+00  0.0000E+00  2.3575E+04  1.2816E+05  3.2454E+05  0.0000E+00  4.0029E+04  2.1009E+05  1.5443E+05  5.1959E+04  5.6506E+04  7.7876E+05  2.1807E+07  1.2992E+08  9.4990E+07  1.2337E+08  3.2762E+08  2.4254E+08  8.0232E+07  5.4426E+07  4.5680E+07  3.5210E+07  1.3127E+08  
Learned Values:
	median: 1.4335E+08
	mean: 1.5104E+08
	25th percentile: 1.0812E+08
	75th percentile: 1.8212E+08


Taxa 2: NA TAXA_3
-------------------
Data: 1.2813E+08  1.3614E+08  8.5418E+07  5.6522E+07  6.6581E+07  4.0125E+07  7.6869E+07  6.7936E+07  9.2029E+07  4.7675E+07  8.4527E+07  4.6793E+07  4.4685E+07  2.8225E+07  3.7721E+07  5.5041E+07  1.3148E+07  7.5737E+07  3.6928E+07  1.8931E+07  1.1759E+08  5.7897E+07  3.9167E+07  2.9926E+07  2.6848E+07  7.5554E+07  
Learned Values:
	median: 2.1144E+08
	mean: 2.2723E+08
	25th percentile: 1.6569E+08
	75th percentile: 2.7259E+08


Taxa 3: NA TAXA_4
-------------------
Data: 6.2269E+07  7.5727E+07  3.3264E+07  7.8262E+06  7.2408E+06  8.7936E+06  1.3944E+07  8.9788E+06  9.8625E+06  1.4531E+07  2.8573E+07  1.1582E+07  1.4497E+07  7.2328E+06  5.1593E+06  4.4899E+07  6.8873E+06  8.0500E+06  7.8637E+06  1.1161E+07  1.8007E+07  1.1059E+07  1.0608E+07  8.1179E+06  7.4515E+06  1.7122E+07  
Learned Values:
	median: 6.0916E+07
	mean: 6.4280E+07
	25th percentile: 4.6781E+07
	75th percentile: 7.8118E+07


Taxa 4: NA TAXA_5
-------------------
Data: 1.4756E+05  6.0041E+05  8.5624E+07  4.0435E+07  2.8549E+07  3.5269E+07  8.4020E+07  1.0347E+08  1.8530E+08  1.5403E+08  2.5309E+08  1.6856E+08  1.2086E+08  1.0052E+08  6.0354E+07  1.7998E+07  2.8840E+08  2.4948E+08  3.3097E+08  2.9775E+08  1.1718E+08  8.7315E+07  8.8533E+07  5.1872E+07  7.8155E+07  2.3210E+08  
Learned Values:
	median: 3.8336E+08
	mean: 4.0443E+08
	25th percentile: 2.9475E+08
	75th percentile: 4.8339E+08


Taxa 5: NA TAXA_6
-------------------
Data: 1.1131E+08  2.3521E+08  3.0851E+08  2.0322E+08  2.0343E+08  1.1665E+08  1.4564E+08  1.3674E+08  1.6610E+08  2.2749E+08  4.5030E+08  2.7937E+08  2.9752E+08  1.5324E+08  8.5907E+07  1.0094E+08  8.4541E+08  5.7256E+08  7.7674E+08  7.1947E+08  5.6830E+08  2.7026E+08  2.5834E+08  1.9566E+08  2.4448E+08  8.5121E+08  
Learned Values:
	median: 1.0267E+09
	mean: 1.1002E+09
	25th percentile: 7.9958E+08
	75th percentile: 1.3203E+09


Taxa 6: NA TAXA_7
-------------------
Data: 4.5531E+08  1.0417E+09  2.1921E+09  9.9375E+08  1.0954E+09  6.7053E+08  1.2524E+09  1.6972E+09  2.2805E+09  1.2689E+09  2.3290E+09  1.7330E+09  1.2123E+09  7.1627E+08  8.9271E+08  7.0172E+08  1.0338E+09  1.2849E+09  1.5917E+09  1.3681E+09  1.2512E+09  7.9198E+08  5.6514E+08  5.3929E+08  7.9003E+08  2.4223E+09  
Learned Values:
	median: 3.7346E+09
	mean: 3.9571E+09
	25th percentile: 2.9435E+09
	75th percentile: 4.7552E+09


Taxa 7: NA TAXA_8
-------------------
Data: 1.3772E+07  7.7078E+07  3.0096E+09  1.3703E+09  8.7590E+08  6.4567E+08  1.3560E+09  1.3959E+09  1.3158E+09  1.4418E+09  3.2148E+09  2.8545E+09  1.4868E+09  1.0393E+09  1.5795E+09  9.2841E+08  5.5583E+08  4.0317E+07  1.5098E+07  7.9607E+08  2.5770E+09  1.4335E+09  1.0684E+09  1.3439E+09  1.2099E+09  3.3266E+09  
Learned Values:
	median: 4.1639E+09
	mean: 4.3180E+09
	25th percentile: 3.2357E+09
	75th percentile: 5.2215E+09


Taxa 8: NA TAXA_9
-------------------
Data: 2.5085E+06  3.8276E+06  1.7248E+07  5.0087E+07  3.1687E+07  1.9096E+07  6.6693E+07  6.4961E+07  1.2743E+08  1.0143E+08  1.8152E+08  1.0957E+08  1.5936E+08  9.2274E+07  7.6173E+07  1.0603E+08  8.6091E+06  6.5742E+06  9.4050E+07  1.1840E+08  1.7338E+08  1.3553E+08  1.2542E+08  1.1702E+08  1.6900E+08  5.9166E+08  
Learned Values:
	median: 3.3956E+08
	mean: 3.6700E+08
	25th percentile: 2.6194E+08
	75th percentile: 4.3908E+08


Taxa 9: NA TAXA_10
-------------------
Data: 2.1637E+08  4.4341E+08  7.4371E+08  2.1261E+08  1.8119E+08  2.4019E+08  4.7585E+08  5.5366E+08  9.2518E+08  5.0981E+08  7.4492E+08  4.1272E+08  4.1141E+08  2.0916E+08  2.7184E+08  6.7530E+08  1.7870E+09  2.2497E+09  2.1119E+09  2.3431E+09  9.3894E+08  6.1627E+08  4.4764E+08  3.5045E+08  4.9316E+08  1.6587E+09  
Learned Values:
	median: 2.3132E+09
	mean: 2.4456E+09
	25th percentile: 1.8064E+09
	75th percentile: 2.9347E+09


Taxa 10: NA TAXA_11
-------------------
Data: 1.3988E+09  1.4760E+09  1.1321E+09  4.1566E+08  2.4470E+08  2.4813E+07  1.1437E+08  9.3791E+07  1.4676E+08  1.7028E+08  4.1430E+08  3.2577E+08  2.9539E+08  1.5904E+08  1.9712E+08  1.7355E+08  2.4364E+08  4.2464E+07  1.9112E+08  3.5727E+08  4.5549E+08  3.5439E+08  3.0517E+08  1.7233E+08  2.5938E+08  8.0256E+08  
Learned Values:
	median: 1.2133E+09
	mean: 1.3190E+09
	25th percentile: 9.4810E+08
	75th percentile: 1.5907E+09


Taxa 11: NA TAXA_12
-------------------
Data: 1.4484E+09  1.7828E+09  1.3113E+09  3.3122E+08  1.1437E+08  4.7033E+07  9.1325E+07  7.8484E+07  7.1324E+07  1.0059E+08  1.5589E+08  1.4439E+08  1.0600E+08  5.7608E+07  6.7801E+07  4.3423E+07  4.4924E+07  2.5291E+07  6.2469E+07  7.2330E+07  1.0804E+08  7.1703E+07  4.4389E+07  6.1297E+07  7.5539E+07  2.1334E+08  
Learned Values:
	median: 8.0212E+08
	mean: 8.6642E+08
	25th percentile: 6.3296E+08
	75th percentile: 1.0518E+09


Taxa 12: NA TAXA_13
-------------------
Data: 4.4267E+05  1.5010E+05  7.9156E+07  6.2088E+07  2.0136E+07  3.5799E+07  3.7627E+07  5.2034E+07  9.7058E+07  7.5495E+07  1.5274E+08  1.3289E+08  9.3838E+07  5.3229E+07  1.1667E+08  3.0472E+07  9.4700E+06  8.1171E+07  1.2192E+08  9.5309E+07  1.2482E+08  1.1189E+08  9.3348E+07  6.8039E+07  1.2025E+08  3.2749E+08  
Learned Values:
	median: 2.7571E+08
	mean: 2.9273E+08
	25th percentile: 2.1590E+08
	75th percentile: 3.5169E+08


Taxa 13: NA TAXA_14
-------------------
Data: 3.9024E+08  3.4081E+08  1.9445E+08  9.2262E+07  9.4337E+07  4.9532E+07  1.1547E+08  1.9256E+08  3.0522E+08  2.9145E+08  4.2131E+08  3.1496E+08  2.7850E+08  1.1406E+08  1.3200E+08  4.8994E+08  9.5921E+08  9.2267E+08  7.9606E+08  4.9055E+08  1.0013E+08  5.3343E+07  5.1406E+07  1.0319E+08  8.3844E+07  2.7585E+08  
Learned Values:
	median: 9.2820E+08
	mean: 9.7728E+08
	25th percentile: 6.9942E+08
	75th percentile: 1.1940E+09
