Subject 5 output
---------------------


Taxa 0: NA TAXA_1
-------------------
Data: 6.5313E+07  2.2710E+06  2.6785E+07  1.3946E+07  7.8479E+06  3.9553E+06  1.8013E+06  3.6401E+06  2.7057E+06  9.1831E+06  1.2096E+07  8.6520E+06  8.1286E+06  3.1653E+06  7.5647E+06  4.4842E+06  0.0000E+00  0.0000E+00  0.0000E+00  0.0000E+00  0.0000E+00  0.0000E+00  0.0000E+00  0.0000E+00  0.0000E+00  0.0000E+00  
Learned Values:
	median: 3.1943E+07
	mean: 3.3179E+07
	25th percentile: 2.4759E+07
	75th percentile: 4.0287E+07


Taxa 1: NA TAXA_2
-------------------
Data: 0.0000E+00  0.0000E+00  0.0000E+00  0.0000E+00  0.0000E+00  0.0000E+00  9.0064E+04  0.0000E+00  0.0000E+00  0.0000E+00  0.0000E+00  0.0000E+00  0.0000E+00  0.0000E+00  3.7823E+06  8.5532E+06  4.5040E+07  2.1396E+08  1.3398E+08  3.5736E+08  2.1811E+08  1.7393E+08  7.4407E+07  5.5183E+07  8.3904E+07  5.7143E+07  
Learned Values:
	median: 2.6685E+08
	mean: 2.8131E+08
	25th percentile: 2.0370E+08
	75th percentile: 3.4480E+08


Taxa 2: NA TAXA_3
-------------------
Data: 2.2013E+08  3.5339E+08  4.1546E+08  1.0098E+08  1.1018E+08  7.9953E+07  1.0501E+08  1.0942E+08  3.3693E+07  8.2265E+07  1.4424E+08  1.3580E+08  1.1922E+08  4.1303E+07  8.3590E+07  7.7228E+07  4.5153E+06  1.2368E+07  6.0329E+07  8.8300E+07  9.4926E+07  1.7856E+08  9.4485E+07  4.4430E+07  7.0154E+07  5.7824E+07  
Learned Values:
	median: 5.8208E+08
	mean: 6.1469E+08
	25th percentile: 4.4568E+08
	75th percentile: 7.4566E+08


Taxa 3: NA TAXA_4
-------------------
Data: 5.5032E+07  6.4635E+06  8.6604E+07  6.7237E+06  9.6034E+06  1.4973E+07  1.8733E+07  2.2944E+07  7.7950E+06  1.5305E+07  2.0563E+07  2.5204E+07  1.5677E+07  5.5585E+06  1.7021E+07  1.2705E+07  2.5963E+06  8.2077E+06  7.9340E+06  1.4128E+07  1.2134E+07  1.4694E+07  7.4238E+06  8.2504E+06  1.0625E+07  8.1795E+06  
Learned Values:
	median: 8.5069E+07
	mean: 8.9013E+07
	25th percentile: 6.4530E+07
	75th percentile: 1.0700E+08


Taxa 4: NA TAXA_5
-------------------
Data: 2.9633E+07  5.2407E+05  2.1725E+07  6.9728E+07  7.4039E+07  5.5600E+07  5.1787E+07  1.2410E+08  9.1801E+07  1.8998E+08  2.4796E+08  2.6050E+08  2.1386E+08  5.6820E+07  1.3843E+08  3.3382E+07  2.2915E+07  1.2818E+07  3.0778E+08  3.4385E+08  2.2856E+08  2.6129E+08  1.0689E+08  6.8437E+07  1.7218E+08  1.4496E+08  
Learned Values:
	median: 6.5593E+08
	mean: 6.8614E+08
	25th percentile: 5.0336E+08
	75th percentile: 8.3826E+08


Taxa 5: NA TAXA_6
-------------------
Data: 2.1469E+08  3.5986E+08  7.3420E+08  2.9186E+08  4.2193E+08  3.8089E+08  3.8862E+08  4.1387E+08  2.9093E+08  6.5028E+08  1.0018E+09  9.1166E+08  7.5596E+08  2.2002E+08  4.3591E+08  3.8979E+08  6.0087E+08  1.4243E+09  1.3650E+09  1.4157E+09  1.3349E+09  1.0036E+09  4.0527E+08  2.7409E+08  3.1890E+08  2.6379E+08  
Learned Values:
	median: 3.2665E+09
	mean: 3.4304E+09
	25th percentile: 2.4814E+09
	75th percentile: 4.1576E+09


Taxa 6: NA TAXA_7
-------------------
Data: 1.7169E+09  7.0190E+08  4.2683E+09  2.2318E+09  1.6651E+09  1.3560E+09  2.0865E+09  2.7196E+09  1.4578E+09  3.1186E+09  3.7754E+09  3.1873E+09  2.3294E+09  8.2381E+08  2.2225E+09  8.9617E+08  8.7201E+08  1.0103E+09  1.6658E+09  1.4863E+09  1.9205E+09  2.1894E+09  1.2235E+09  1.0727E+09  2.5085E+09  1.9391E+09  
Learned Values:
	median: 9.6606E+09
	mean: 1.0010E+10
	25th percentile: 7.5045E+09
	75th percentile: 1.2218E+10


Taxa 7: NA TAXA_8
-------------------
Data: 4.5477E+08  2.6553E+07  5.6397E+08  2.3035E+09  1.5305E+09  9.7356E+08  1.1926E+09  1.9469E+09  9.3476E+08  2.9669E+09  4.1809E+09  3.8052E+09  2.6097E+09  9.9258E+08  2.3668E+09  1.6805E+09  2.0088E+09  6.4301E+08  2.2835E+09  3.3980E+09  2.9342E+09  3.1844E+09  1.6305E+09  1.7489E+09  3.0021E+09  2.3717E+09  
Learned Values:
	median: 9.8847E+09
	mean: 1.0295E+10
	25th percentile: 7.8399E+09
	75th percentile: 1.2382E+10


Taxa 8: NA TAXA_9
-------------------
Data: 3.6890E+07  1.3451E+07  1.7857E+07  6.9230E+07  1.1989E+08  6.5488E+07  1.1735E+08  1.9282E+08  1.5564E+08  3.8320E+08  4.7748E+08  4.2771E+08  2.9553E+08  1.0754E+08  1.5659E+08  8.0300E+07  6.9987E+06  3.3730E+05  2.2605E+07  1.3172E+08  9.5694E+07  1.2538E+08  1.1178E+08  1.0374E+08  2.0171E+08  1.6291E+08  
Learned Values:
	median: 7.6998E+08
	mean: 8.0314E+08
	25th percentile: 5.8902E+08
	75th percentile: 9.7618E+08


Taxa 9: NA TAXA_10
-------------------
Data: 8.2488E+08  4.1506E+08  1.1619E+09  4.9942E+08  2.4587E+08  1.9110E+08  5.6443E+08  6.7375E+08  5.2755E+08  1.1454E+09  1.3118E+09  1.1533E+09  9.5898E+08  3.5258E+08  8.7712E+08  8.1214E+08  2.4018E+09  2.6192E+09  1.7741E+09  4.7246E+08  1.4578E+09  1.1413E+09  6.0226E+08  5.0746E+08  1.0220E+09  8.0534E+08  
Learned Values:
	median: 4.9261E+09
	mean: 5.1840E+09
	25th percentile: 3.8398E+09
	75th percentile: 6.2421E+09


Taxa 10: NA TAXA_11
-------------------
Data: 2.9433E+09  9.3161E+08  2.6377E+09  1.4373E+09  9.1046E+08  1.6544E+08  8.0427E+07  1.6524E+08  8.2782E+07  4.2682E+08  7.6688E+08  8.9981E+08  6.7061E+08  2.5368E+08  5.4201E+08  2.5635E+08  6.8745E+07  2.0238E+06  8.0987E+08  2.3330E+09  9.9487E+08  1.0013E+09  3.3770E+08  2.3845E+08  3.3124E+08  2.8321E+08  
Learned Values:
	median: 3.3649E+09
	mean: 3.5300E+09
	25th percentile: 2.5795E+09
	75th percentile: 4.3066E+09


Taxa 11: NA TAXA_12
-------------------
Data: 2.7189E+09  4.5309E+09  2.9925E+09  9.3497E+08  2.9388E+08  8.1591E+07  1.2483E+08  1.3557E+08  5.7722E+07  2.6363E+08  2.1682E+08  2.1498E+08  2.0573E+08  9.0634E+07  1.6340E+08  7.8058E+07  8.7822E+07  5.9815E+07  6.3622E+07  2.1317E+08  1.4300E+08  1.3608E+08  9.5919E+07  8.8793E+07  1.0797E+08  1.0395E+08  
Learned Values:
	median: 2.4057E+09
	mean: 2.5228E+09
	25th percentile: 1.8600E+09
	75th percentile: 3.0565E+09


Taxa 12: NA TAXA_13
-------------------
Data: 4.4751E+07  1.7469E+05  2.9761E+05  6.1136E+07  3.6658E+07  6.3284E+07  8.7452E+07  1.0016E+08  7.9754E+07  2.7071E+08  3.6650E+08  2.8269E+08  2.2876E+08  1.1341E+08  2.3526E+08  4.2185E+07  3.0704E+07  5.3968E+06  1.6078E+08  2.0382E+08  1.6374E+08  2.0316E+08  9.6678E+07  7.9122E+07  1.3922E+08  1.3882E+08  
Learned Values:
	median: 6.6135E+08
	mean: 6.8983E+08
	25th percentile: 5.1240E+08
	75th percentile: 8.3620E+08


Taxa 13: NA TAXA_14
-------------------
Data: 1.1968E+09  9.1572E+08  1.0119E+09  1.9636E+08  1.0584E+08  1.0205E+08  1.2276E+08  2.3562E+08  2.3011E+08  5.7643E+08  5.9481E+08  3.6827E+08  2.1889E+08  9.5266E+07  1.8855E+08  6.4340E+08  5.8337E+08  8.1875E+08  5.6481E+08  3.1830E+08  1.4177E+08  7.1393E+07  5.0786E+07  1.0678E+08  1.9953E+08  1.7609E+08  
Learned Values:
	median: 1.9410E+09
	mean: 2.0206E+09
	25th percentile: 1.4751E+09
	75th percentile: 2.4191E+09
