Subject 1 output
---------------------


Taxa 0: NA TAXA_1
-------------------
Data: 1.2077E+08  1.2917E+08  1.0694E+08  7.6546E+06  6.0974E+06  1.2488E+06  2.7675E+06  2.3524E+06  8.2031E+06  7.2491E+06  6.2637E+06  7.6137E+06  4.7426E+06  1.2166E+06  1.4350E+06  1.4630E+06  0.0000E+00  0.0000E+00  0.0000E+00  0.0000E+00  0.0000E+00  0.0000E+00  0.0000E+00  0.0000E+00  0.0000E+00  0.0000E+00  
Learned Values:
	median: 5.5304E+07
	mean: 5.8574E+07
	25th percentile: 4.3243E+07
	75th percentile: 7.1032E+07


Taxa 1: NA TAXA_2
-------------------
Data: 0.0000E+00  0.0000E+00  0.0000E+00  0.0000E+00  0.0000E+00  1.7345E+04  0.0000E+00  0.0000E+00  0.0000E+00  0.0000E+00  0.0000E+00  0.0000E+00  0.0000E+00  6.4033E+04  9.2583E+05  1.0202E+07  2.1219E+08  3.5823E+08  3.8733E+08  2.7769E+08  4.3188E+08  1.6052E+08  5.7875E+07  4.5687E+07  2.6212E+07  1.0404E+08  
Learned Values:
	median: 2.8902E+08
	mean: 2.9916E+08
	25th percentile: 2.2005E+08
	75th percentile: 3.6132E+08


Taxa 2: NA TAXA_3
-------------------
Data: 1.0831E+08  1.2106E+08  1.1250E+08  6.6158E+07  7.6730E+07  2.7786E+07  7.7610E+07  5.8809E+07  6.1754E+07  7.7679E+07  7.3258E+07  1.3936E+08  6.9280E+07  2.4589E+07  3.3654E+07  3.5651E+07  1.1735E+07  2.2361E+06  8.7177E+06  1.8558E+07  1.7455E+07  3.9262E+07  1.7259E+07  2.6107E+07  2.1336E+07  7.7292E+07  
Learned Values:
	median: 2.4057E+08
	mean: 2.5811E+08
	25th percentile: 1.8735E+08
	75th percentile: 3.0818E+08


Taxa 3: NA TAXA_4
-------------------
Data: 8.6731E+07  4.1963E+07  2.0501E+07  8.9304E+06  1.2617E+07  5.9492E+06  1.1732E+07  1.0008E+07  1.1060E+07  1.8123E+07  1.0567E+07  1.6315E+07  7.1604E+06  4.2048E+06  6.6660E+06  1.8980E+07  3.5427E+06  4.8077E+06  2.6637E+06  6.0368E+06  2.5600E+07  2.1529E+07  4.1762E+06  3.9663E+06  3.1254E+06  2.2213E+07  
Learned Values:
	median: 6.5693E+07
	mean: 6.9593E+07
	25th percentile: 5.1350E+07
	75th percentile: 8.3047E+07


Taxa 4: NA TAXA_5
-------------------
Data: 2.4431E+06  3.7220E+07  1.4475E+08  2.8432E+07  4.5519E+07  2.2929E+07  7.8272E+07  8.2590E+07  1.9024E+08  2.6538E+08  1.2734E+08  2.1142E+08  8.5321E+07  4.4695E+07  5.4208E+07  8.0849E+06  2.7308E+07  2.2361E+05  5.9183E+08  9.3694E+08  4.0478E+08  2.1169E+08  6.6191E+07  9.1776E+07  1.1431E+08  7.2827E+08  
Learned Values:
	median: 6.1385E+08
	mean: 6.5141E+08
	25th percentile: 4.6528E+08
	75th percentile: 8.0001E+08


Taxa 5: NA TAXA_6
-------------------
Data: 2.6541E+08  4.1489E+08  5.4859E+08  2.8905E+08  3.5956E+08  9.9436E+07  1.2664E+08  1.5072E+08  2.7725E+08  4.1668E+08  2.1476E+08  3.9469E+08  1.0401E+08  7.6520E+07  6.3512E+07  9.1475E+07  8.7372E+08  1.2586E+09  8.6172E+08  1.2647E+09  7.6534E+08  4.4432E+08  1.2920E+08  1.7070E+08  1.2268E+08  1.0785E+09  
Learned Values:
	median: 1.5290E+09
	mean: 1.6372E+09
	25th percentile: 1.1779E+09
	75th percentile: 1.9609E+09


Taxa 6: NA TAXA_7
-------------------
Data: 6.0704E+08  1.4815E+09  2.2922E+09  9.6367E+08  1.1381E+09  3.8262E+08  1.0827E+09  1.0913E+09  1.7218E+09  2.1196E+09  2.0856E+09  2.5225E+09  1.6110E+09  3.6791E+08  1.0601E+09  3.9578E+08  8.2574E+08  1.2967E+09  1.0880E+09  1.4029E+09  1.8878E+09  1.7007E+09  7.0330E+08  1.0862E+09  1.0816E+09  4.6532E+09  
Learned Values:
	median: 5.0591E+09
	mean: 5.3954E+09
	25th percentile: 4.0500E+09
	75th percentile: 6.5060E+09


Taxa 7: NA TAXA_8
-------------------
Data: 6.6209E+07  5.4206E+08  2.8033E+09  1.5618E+09  1.3574E+09  4.4090E+08  1.2754E+09  1.0873E+09  1.6949E+09  2.1794E+09  2.0146E+09  3.4335E+09  1.5461E+09  6.5679E+08  1.4795E+09  7.5756E+08  7.0596E+08  3.8014E+06  5.4486E+06  4.3599E+06  5.6520E+06  4.6526E+07  4.1762E+06  1.3849E+09  1.1048E+09  3.6525E+09  
Learned Values:
	median: 4.5430E+09
	mean: 4.8037E+09
	25th percentile: 3.6129E+09
	75th percentile: 5.7701E+09


Taxa 8: NA TAXA_9
-------------------
Data: 3.0946E+06  6.9331E+06  1.7102E+07  4.0551E+07  5.3005E+07  2.0571E+07  7.0691E+07  6.2830E+07  9.7055E+07  1.7505E+08  1.1896E+08  2.9095E+08  1.1861E+08  4.4503E+07  7.8094E+07  1.6247E+07  4.4284E+06  0.0000E+00  0.0000E+00  2.2359E+05  4.9870E+05  4.6133E+07  3.5220E+07  5.0407E+07  2.5962E+07  2.0513E+08  
Learned Values:
	median: 2.5911E+08
	mean: 2.8192E+08
	25th percentile: 2.0487E+08
	75th percentile: 3.3513E+08


Taxa 9: NA TAXA_10
-------------------
Data: 2.7616E+08  3.9582E+08  5.2706E+08  1.6321E+08  2.3218E+08  1.2653E+08  3.5929E+08  3.8656E+08  9.6198E+08  1.0945E+09  4.4222E+08  7.7470E+08  5.5842E+08  1.3494E+08  2.8979E+08  5.8104E+08  1.9349E+09  2.2266E+09  1.6565E+09  9.5125E+08  8.1322E+08  8.0894E+08  2.9026E+08  3.3753E+08  4.3123E+08  1.8058E+09  
Learned Values:
	median: 2.7096E+09
	mean: 2.8750E+09
	25th percentile: 2.1025E+09
	75th percentile: 3.4711E+09


Taxa 10: NA TAXA_11
-------------------
Data: 1.7024E+09  1.6294E+09  9.0834E+08  2.4331E+08  2.8410E+08  1.8888E+07  9.8907E+07  9.6918E+07  7.6778E+07  2.2629E+08  3.8770E+08  5.5743E+08  4.0066E+08  8.1194E+07  2.1146E+08  1.0980E+08  2.0592E+07  2.9293E+08  1.3785E+09  1.7341E+09  1.5412E+09  5.4987E+08  1.8519E+08  2.7960E+08  2.4728E+08  1.0005E+09  
Learned Values:
	median: 1.9602E+09
	mean: 2.0722E+09
	25th percentile: 1.4977E+09
	75th percentile: 2.5279E+09


Taxa 11: NA TAXA_12
-------------------
Data: 1.7972E+09  1.6465E+09  9.2266E+08  2.5042E+08  1.0432E+08  3.0526E+07  8.7898E+07  5.4105E+07  8.5257E+07  1.6410E+08  1.0964E+08  1.6533E+08  1.1443E+08  2.9861E+07  7.0317E+07  6.1830E+07  9.6096E+07  2.5727E+08  7.6038E+07  1.2711E+08  1.5792E+08  1.4278E+08  4.4608E+07  5.3017E+07  3.9714E+07  1.5776E+08  
Learned Values:
	median: 9.6890E+08
	mean: 1.0386E+09
	25th percentile: 7.4415E+08
	75th percentile: 1.2630E+09


Taxa 12: NA TAXA_13
-------------------
Data: 4.0719E+05  8.2102E+06  1.5608E+08  9.6321E+07  9.3996E+07  2.3710E+07  7.8512E+07  7.4249E+07  2.2692E+08  2.1214E+08  1.4951E+08  2.0815E+08  1.1103E+08  6.4908E+07  7.8094E+07  3.3649E+07  3.2253E+07  2.1243E+06  7.7127E+07  1.1448E+08  2.3738E+08  1.9913E+08  5.8356E+07  9.6697E+07  8.9388E+07  3.9440E+08  
Learned Values:
	median: 4.6093E+08
	mean: 4.9513E+08
	25th percentile: 3.6075E+08
	75th percentile: 6.0047E+08


Taxa 13: NA TAXA_14
-------------------
Data: 2.3926E+08  2.5488E+08  2.7311E+08  9.0853E+07  1.3976E+08  4.5772E+07  1.1864E+08  1.4315E+08  3.2379E+08  4.3779E+08  2.2680E+08  3.7457E+08  2.2300E+08  6.8750E+07  1.2730E+08  2.3562E+08  4.7288E+08  1.4246E+09  1.0674E+09  8.0469E+08  3.4560E+08  3.5114E+08  1.0322E+08  1.2205E+08  8.4137E+07  3.8148E+08  
Learned Values:
	median: 1.2337E+09
	mean: 1.3200E+09
	25th percentile: 9.5206E+08
	75th percentile: 1.5704E+09
