0.000000000000000000e+00
1.954652071931196194e-02
3.909304143862392389e-02
5.863956215793588583e-02
7.818608287724784778e-02
9.773260359655980278e-02
1.172791243158717717e-01
1.368256450351837405e-01
1.563721657544956956e-01
1.759186864738076506e-01
1.954652071931196056e-01
2.150117279124315883e-01
2.345582486317435433e-01
2.541047693510555261e-01
2.736512900703674811e-01
2.931978107896794361e-01
3.127443315089913911e-01
3.322908522283033461e-01
3.518373729476153011e-01
3.713838936669272561e-01
3.909304143862392111e-01
4.104769351055512216e-01
4.300234558248631767e-01
4.495699765441751317e-01
4.691164972634870867e-01
4.886630179827990417e-01
5.082095387021110522e-01
5.277560594214230072e-01
5.473025801407349622e-01
5.668491008600469172e-01
5.863956215793588722e-01
6.059421422986708272e-01
6.254886630179827822e-01
6.450351837372947372e-01
6.645817044566066922e-01
6.841282251759186472e-01
7.036747458952306022e-01
7.232212666145425572e-01
7.427677873338545123e-01
7.623143080531664673e-01
7.818608287724784223e-01
8.014073494917904883e-01
8.209538702111024433e-01
8.405003909304143983e-01
8.600469116497263533e-01
8.795934323690383083e-01
8.991399530883502633e-01
9.186864738076622183e-01
9.382329945269741733e-01
9.577795152462861283e-01
9.773260359655980833e-01
9.968725566849100383e-01
1.016419077404222104e+00
1.035965598123534059e+00
1.055512118842846014e+00
1.075058639562157969e+00
1.094605160281469924e+00
1.114151681000781879e+00
1.133698201720093834e+00
1.153244722439405789e+00
1.172791243158717744e+00
1.192337763878029699e+00
1.211884284597341654e+00
1.231430805316653609e+00
1.250977326035965564e+00
1.270523846755277519e+00
1.290070367474589474e+00
1.309616888193901429e+00
1.329163408913213384e+00
1.348709929632525339e+00
1.368256450351837294e+00
1.387802971071149249e+00
1.407349491790461204e+00
1.426896012509773159e+00
1.446442533229085114e+00
1.465989053948397070e+00
1.485535574667709025e+00
1.505082095387020980e+00
1.524628616106332935e+00
1.544175136825644890e+00
1.563721657544956845e+00
1.583268178264269022e+00
1.602814698983580977e+00
1.622361219702892932e+00
1.641907740422204887e+00
1.661454261141516842e+00
1.681000781860828797e+00
1.700547302580140752e+00
1.720093823299452707e+00
1.739640344018764662e+00
1.759186864738076617e+00
1.778733385457388572e+00
1.798279906176700527e+00
1.817826426896012482e+00
1.837372947615324437e+00
1.856919468334636392e+00
1.876465989053948347e+00
1.896012509773260302e+00
1.915559030492572257e+00
1.935105551211884212e+00
1.954652071931196167e+00
1.974198592650508122e+00
1.993745113369820077e+00
2.013291634089132032e+00
2.032838154808444209e+00
2.052384675527755942e+00
2.071931196247068119e+00
2.091477716966379852e+00
2.111024237685692029e+00
2.130570758405003762e+00
2.150117279124315939e+00
2.169663799843627672e+00
2.189210320562939849e+00
2.208756841282251582e+00
2.228303362001563759e+00
2.247849882720875492e+00
2.267396403440187669e+00
2.286942924159499402e+00
2.306489444878811579e+00
2.326035965598123312e+00
2.345582486317435489e+00
2.365129007036747222e+00
2.384675527756059399e+00
2.404222048475371132e+00
2.423768569194683309e+00
2.443315089913995042e+00
2.462861610633307219e+00
2.482408131352618952e+00
2.501954652071931129e+00
2.521501172791243306e+00
2.541047693510555039e+00
2.560594214229867216e+00
2.580140734949178949e+00
2.599687255668491126e+00
2.619233776387802859e+00
2.638780297107115036e+00
2.658326817826426769e+00
2.677873338545738946e+00
2.697419859265050679e+00
2.716966379984362856e+00
2.736512900703674589e+00
2.756059421422986766e+00
2.775605942142298499e+00
2.795152462861610676e+00
2.814698983580922409e+00
2.834245504300234586e+00
2.853792025019546319e+00
2.873338545738858496e+00
2.892885066458170229e+00
2.912431587177482406e+00
2.931978107896794139e+00
2.951524628616106316e+00
2.971071149335418049e+00
2.990617670054730226e+00
3.010164190774041959e+00
3.029710711493354136e+00
3.049257232212665869e+00
3.068803752931978046e+00
3.088350273651289779e+00
3.107896794370601956e+00
3.127443315089913689e+00
3.146989835809225866e+00
3.166536356528538043e+00
3.186082877247849776e+00
3.205629397967161953e+00
3.225175918686473686e+00
3.244722439405785863e+00
3.264268960125097596e+00
3.283815480844409773e+00
3.303362001563721506e+00
3.322908522283033683e+00
3.342455043002345416e+00
3.362001563721657593e+00
3.381548084440969326e+00
3.401094605160281503e+00
3.420641125879593236e+00
3.440187646598905413e+00
3.459734167318217146e+00
3.479280688037529323e+00
3.498827208756841056e+00
3.518373729476153233e+00
3.537920250195464966e+00
3.557466770914777143e+00
3.577013291634088876e+00
3.596559812353401053e+00
3.616106333072712786e+00
3.635652853792024963e+00
3.655199374511336696e+00
3.674745895230648873e+00
3.694292415949960606e+00
3.713838936669272783e+00
3.733385457388584516e+00
3.752931978107896693e+00
3.772478498827208870e+00
3.792025019546520603e+00
3.811571540265832780e+00
3.831118060985144513e+00
3.850664581704456690e+00
3.870211102423768423e+00
3.889757623143080600e+00
3.909304143862392333e+00
3.928850664581704510e+00
3.948397185301016243e+00
3.967943706020328420e+00
3.987490226739640153e+00
4.007036747458951886e+00
4.026583268178264063e+00
4.046129788897576240e+00
4.065676309616888418e+00
4.085222830336199706e+00
4.104769351055511883e+00
4.124315871774824060e+00
4.143862392494136238e+00
4.163408913213447526e+00
4.182955433932759703e+00
4.202501954652071881e+00
4.222048475371384058e+00
4.241594996090695346e+00
4.261141516810007523e+00
4.280688037529319701e+00
4.300234558248631878e+00
4.319781078967943166e+00
4.339327599687255343e+00
4.358874120406567521e+00
4.378420641125879698e+00
4.397967161845191875e+00
4.417513682564503164e+00
4.437060203283815341e+00
4.456606724003127518e+00
4.476153244722439695e+00
4.495699765441750984e+00
4.515246286161063161e+00
4.534792806880375338e+00
4.554339327599687515e+00
4.573885848318998804e+00
4.593432369038310981e+00
4.612978889757623158e+00
4.632525410476935335e+00
4.652071931196246624e+00
4.671618451915558801e+00
4.691164972634870978e+00
4.710711493354183155e+00
4.730258014073494444e+00
4.749804534792806621e+00
4.769351055512118798e+00
4.788897576231430975e+00
4.808444096950742264e+00
4.827990617670054441e+00
4.847537138389366618e+00
4.867083659108678795e+00
4.886630179827990084e+00
4.906176700547302261e+00
4.925723221266614438e+00
4.945269741985926615e+00
4.964816262705237904e+00
4.984362783424550081e+00
5.003909304143862258e+00
5.023455824863174435e+00
5.043002345582486612e+00
5.062548866301797901e+00
5.082095387021110078e+00
5.101641907740422255e+00
5.121188428459734432e+00
5.140734949179045721e+00
5.160281469898357898e+00
5.179827990617670075e+00
5.199374511336982252e+00
5.218921032056293541e+00
5.238467552775605718e+00
5.258014073494917895e+00
5.277560594214230072e+00
5.297107114933541361e+00
5.316653635652853538e+00
5.336200156372165715e+00
5.355746677091477892e+00
5.375293197810789181e+00
5.394839718530101358e+00
5.414386239249413535e+00
5.433932759968725712e+00
5.453479280688037001e+00
5.473025801407349178e+00
5.492572322126661355e+00
5.512118842845973532e+00
5.531665363565284821e+00
5.551211884284596998e+00
5.570758405003909175e+00
5.590304925723221352e+00
5.609851446442532641e+00
5.629397967161844818e+00
5.648944487881156995e+00
5.668491008600469172e+00
5.688037529319781349e+00
5.707584050039092638e+00
5.727130570758404815e+00
5.746677091477716992e+00
5.766223612197029169e+00
5.785770132916340458e+00
5.805316653635652635e+00
5.824863174354964812e+00
5.844409695074276989e+00
5.863956215793588278e+00
5.883502736512900455e+00
5.903049257232212632e+00
5.922595777951524809e+00
5.942142298670836098e+00
5.961688819390148275e+00
5.981235340109460452e+00
6.000781860828772629e+00
6.020328381548083918e+00
6.039874902267396095e+00
6.059421422986708272e+00
6.078967943706020449e+00
6.098514464425331738e+00
6.118060985144643915e+00
6.137607505863956092e+00
6.157154026583268269e+00
6.176700547302579558e+00
6.196247068021891735e+00
6.215793588741203912e+00
6.235340109460516089e+00
6.254886630179827378e+00
6.274433150899139555e+00
6.293979671618451732e+00
6.313526192337763909e+00
6.333072713057076086e+00
6.352619233776387375e+00
6.372165754495699552e+00
6.391712275215011729e+00
6.411258795934323906e+00
6.430805316653635195e+00
6.450351837372947372e+00
6.469898358092259549e+00
6.489444878811571726e+00
6.508991399530883015e+00
6.528537920250195192e+00
6.548084440969507369e+00
6.567630961688819546e+00
6.587177482408130835e+00
6.606724003127443012e+00
6.626270523846755189e+00
6.645817044566067366e+00
6.665363565285378655e+00
6.684910086004690832e+00
6.704456606724003009e+00
6.724003127443315186e+00
6.743549648162626475e+00
6.763096168881938652e+00
6.782642689601250829e+00
6.802189210320563006e+00
6.821735731039874295e+00
6.841282251759186472e+00
6.860828772478498649e+00
6.880375293197810826e+00
6.899921813917123004e+00
6.919468334636434292e+00
6.939014855355746469e+00
6.958561376075058647e+00
6.978107896794370824e+00
6.997654417513682112e+00
7.017200938232994289e+00
7.036747458952306467e+00
7.056293979671618644e+00
7.075840500390929932e+00
7.095387021110242110e+00
7.114933541829554287e+00
7.134480062548866464e+00
7.154026583268177752e+00
7.173573103987489930e+00
7.193119624706802107e+00
7.212666145426114284e+00
7.232212666145425572e+00
7.251759186864737750e+00
7.271305707584049927e+00
7.290852228303362104e+00
7.310398749022673393e+00
7.329945269741985570e+00
7.349491790461297747e+00
7.369038311180609924e+00
7.388584831899921213e+00
7.408131352619233390e+00
7.427677873338545567e+00
7.447224394057857744e+00
7.466770914777169033e+00
7.486317435496481210e+00
7.505863956215793387e+00
7.525410476935105564e+00
7.544956997654417741e+00
7.564503518373729030e+00
7.584050039093041207e+00
7.603596559812353384e+00
7.623143080531665561e+00
7.642689601250976850e+00
7.662236121970289027e+00
7.681782642689601204e+00
7.701329163408913381e+00
7.720875684128224670e+00
7.740422204847536847e+00
7.759968725566849024e+00
7.779515246286161201e+00
7.799061767005472490e+00
7.818608287724784667e+00
7.838154808444096844e+00
7.857701329163409021e+00
7.877247849882720310e+00
7.896794370602032487e+00
7.916340891321344664e+00
7.935887412040656841e+00
7.955433932759968130e+00
7.974980453479280307e+00
7.994526974198592484e+00
8.014073494917903773e+00
8.033620015637216838e+00
8.053166536356528127e+00
8.072713057075839416e+00
8.092259577795152481e+00
8.111806098514463770e+00
8.131352619233776835e+00
8.150899139953088124e+00
8.170445660672399413e+00
8.189992181391712478e+00
8.209538702111023767e+00
8.229085222830336832e+00
8.248631743549648121e+00
8.268178264268959410e+00
8.287724784988272475e+00
8.307271305707583764e+00
8.326817826426895053e+00
8.346364347146208118e+00
8.365910867865519407e+00
8.385457388584832472e+00
8.405003909304143761e+00
8.424550430023455050e+00
8.444096950742768115e+00
8.463643471462079404e+00
8.483189992181390693e+00
8.502736512900703758e+00
8.522283033620015047e+00
8.541829554339328112e+00
8.561376075058639401e+00
8.580922595777950690e+00
8.600469116497263755e+00
8.620015637216575044e+00
8.639562157935886333e+00
8.659108678655199398e+00
8.678655199374510687e+00
8.698201720093823752e+00
8.717748240813135041e+00
8.737294761532446330e+00
8.756841282251759395e+00
8.776387802971070684e+00
8.795934323690383749e+00
8.815480844409695038e+00
8.835027365129006327e+00
8.854573885848319392e+00
8.874120406567630681e+00
8.893666927286941970e+00
8.913213448006255035e+00
8.932759968725566324e+00
8.952306489444879389e+00
8.971853010164190678e+00
8.991399530883501967e+00
9.010946051602815032e+00
9.030492572322126321e+00
9.050039093041437610e+00
9.069585613760750675e+00
9.089132134480061964e+00
9.108678655199375029e+00
9.128225175918686318e+00
9.147771696637997607e+00
9.167318217357310672e+00
9.186864738076621961e+00
9.206411258795933250e+00
9.225957779515246315e+00
9.245504300234557604e+00
9.265050820953870669e+00
9.284597341673181958e+00
9.304143862392493247e+00
9.323690383111806312e+00
9.343236903831117601e+00
9.362783424550428890e+00
9.382329945269741955e+00
9.401876465989053244e+00
9.421422986708366309e+00
9.440969507427677598e+00
9.460516028146988887e+00
9.480062548866301952e+00
9.499609069585613241e+00
9.519155590304926307e+00
9.538702111024237595e+00
9.558248631743548884e+00
9.577795152462861950e+00
9.597341673182173238e+00
9.616888193901484527e+00
9.636434714620797592e+00
9.655981235340108881e+00
9.675527756059421947e+00
9.695074276778733235e+00
9.714620797498044524e+00
9.734167318217357590e+00
9.753713838936668878e+00
9.773260359655980167e+00
9.792806880375293233e+00
9.812353401094604521e+00
9.831899921813917587e+00
9.851446442533228876e+00
9.870992963252540164e+00
9.890539483971853230e+00
9.910086004691164518e+00
9.929632525410475807e+00
9.949179046129788873e+00
9.968725566849100161e+00
9.988272087568413227e+00
1.000781860828772452e+01
1.002736512900703580e+01
1.004691164972634887e+01
1.006645817044566016e+01
1.008600469116497322e+01
1.010555121188428451e+01
1.012509773260359580e+01
1.014464425332290887e+01
1.016419077404222016e+01
1.018373729476153144e+01
1.020328381548084451e+01
1.022283033620015580e+01
1.024237685691946886e+01
1.026192337763878015e+01
1.028146989835809144e+01
1.030101641907740451e+01
1.032056293979671580e+01
1.034010946051602708e+01
1.035965598123534015e+01
1.037920250195465144e+01
1.039874902267396450e+01
1.041829554339327579e+01
1.043784206411258708e+01
1.045738858483190015e+01
1.047693510555121144e+01
1.049648162627052272e+01
1.051602814698983579e+01
1.053557466770914708e+01
1.055512118842846014e+01
1.057466770914777143e+01
1.059421422986708272e+01
1.061376075058639579e+01
1.063330727130570708e+01
1.065285379202502014e+01
1.067240031274433143e+01
1.069194683346364272e+01
1.071149335418295578e+01
1.073103987490226707e+01
1.075058639562157836e+01
1.077013291634089143e+01
1.078967943706020272e+01
1.080922595777951578e+01
1.082877247849882707e+01
1.084831899921813836e+01
1.086786551993745142e+01
1.088741204065676271e+01
1.090695856137607400e+01
1.092650508209538707e+01
1.094605160281469836e+01
1.096559812353401142e+01
1.098514464425332271e+01
1.100469116497263400e+01
1.102423768569194706e+01
1.104378420641125835e+01
1.106333072713056964e+01
1.108287724784988271e+01
1.110242376856919400e+01
1.112197028928850706e+01
1.114151681000781835e+01
1.116106333072712964e+01
1.118060985144644270e+01
1.120015637216575399e+01
1.121970289288506528e+01
1.123924941360437835e+01
1.125879593432368964e+01
1.127834245504300270e+01
1.129788897576231399e+01
1.131743549648162528e+01
1.133698201720093834e+01
1.135652853792024963e+01
1.137607505863956270e+01
1.139562157935887399e+01
1.141516810007818528e+01
1.143471462079749834e+01
1.145426114151680963e+01
1.147380766223612092e+01
1.149335418295543398e+01
1.151290070367474527e+01
1.153244722439405834e+01
1.155199374511336963e+01
1.157154026583268092e+01
1.159108678655199398e+01
1.161063330727130527e+01
1.163017982799061656e+01
1.164972634870992962e+01
1.166927286942924091e+01
1.168881939014855398e+01
1.170836591086786527e+01
1.172791243158717656e+01
1.174745895230648962e+01
1.176700547302580091e+01
1.178655199374511220e+01
1.180609851446442526e+01
1.182564503518373655e+01
1.184519155590304962e+01
1.186473807662236091e+01
1.188428459734167220e+01
1.190383111806098526e+01
1.192337763878029655e+01
1.194292415949960962e+01
1.196247068021892090e+01
1.198201720093823219e+01
1.200156372165754526e+01
1.202111024237685655e+01
1.204065676309616784e+01
1.206020328381548090e+01
1.207974980453479219e+01
1.209929632525410526e+01
1.211884284597341654e+01
1.213838936669272783e+01
1.215793588741204090e+01
1.217748240813135219e+01
1.219702892885066348e+01
1.221657544956997654e+01
1.223612197028928783e+01
1.225566849100860090e+01
1.227521501172791218e+01
1.229476153244722347e+01
1.231430805316653654e+01
1.233385457388584783e+01
1.235340109460515912e+01
1.237294761532447218e+01
1.239249413604378347e+01
1.241204065676309654e+01
1.243158717748240782e+01
1.245113369820171911e+01
1.247068021892103218e+01
1.249022673964034347e+01
1.250977326035965476e+01
1.252931978107896782e+01
1.254886630179827911e+01
1.256841282251759218e+01
1.258795934323690346e+01
1.260750586395621475e+01
1.262705238467552782e+01
1.264659890539483911e+01
1.266614542611415217e+01
1.268569194683346346e+01
1.270523846755277475e+01
1.272478498827208782e+01
1.274433150899139910e+01
1.276387802971071039e+01
1.278342455043002346e+01
1.280297107114933475e+01
1.282251759186864781e+01
1.284206411258795910e+01
1.286161063330727039e+01
1.288115715402658346e+01
1.290070367474589474e+01
1.292025019546520603e+01
1.293979671618451910e+01
1.295934323690383039e+01
1.297888975762314345e+01
1.299843627834245474e+01
1.301798279906176603e+01
1.303752931978107910e+01
1.305707584050039038e+01
1.307662236121970167e+01
1.309616888193901474e+01
1.311571540265832603e+01
1.313526192337763909e+01
1.315480844409695038e+01
1.317435496481626167e+01
1.319390148553557474e+01
1.321344800625488602e+01
1.323299452697419909e+01
1.325254104769351038e+01
1.327208756841282167e+01
1.329163408913213473e+01
1.331118060985144602e+01
1.333072713057075731e+01
1.335027365129007038e+01
1.336982017200938166e+01
1.338936669272869473e+01
1.340891321344800602e+01
1.342845973416731731e+01
1.344800625488663037e+01
1.346755277560594166e+01
1.348709929632525295e+01
1.350664581704456602e+01
1.352619233776387730e+01
1.354573885848319037e+01
1.356528537920250166e+01
1.358483189992181295e+01
1.360437842064112601e+01
1.362392494136043730e+01
1.364347146207974859e+01
1.366301798279906166e+01
1.368256450351837294e+01
1.370211102423768601e+01
1.372165754495699730e+01
1.374120406567630859e+01
1.376075058639562165e+01
1.378029710711493294e+01
1.379984362783424601e+01
1.381939014855355730e+01
1.383893666927286858e+01
1.385848318999218165e+01
1.387802971071149294e+01
1.389757623143080423e+01
1.391712275215011729e+01
1.393666927286942858e+01
1.395621579358874165e+01
1.397576231430805294e+01
1.399530883502736422e+01
1.401485535574667729e+01
1.403440187646598858e+01
1.405394839718529987e+01
1.407349491790461293e+01
1.409304143862392422e+01
1.411258795934323729e+01
1.413213448006254858e+01
1.415168100078185986e+01
1.417122752150117293e+01
1.419077404222048422e+01
1.421032056293979551e+01
1.422986708365910857e+01
1.424941360437841986e+01
1.426896012509773293e+01
1.428850664581704422e+01
1.430805316653635550e+01
1.432759968725566857e+01
1.434714620797497986e+01
1.436669272869429115e+01
1.438623924941360421e+01
1.440578577013291550e+01
1.442533229085222857e+01
1.444487881157153986e+01
1.446442533229085114e+01
1.448397185301016421e+01
1.450351837372947550e+01
1.452306489444878856e+01
1.454261141516809985e+01
1.456215793588741114e+01
1.458170445660672421e+01
1.460125097732603550e+01
1.462079749804534679e+01
1.464034401876465985e+01
1.465989053948397114e+01
1.467943706020328420e+01
1.469898358092259549e+01
1.471853010164190678e+01
1.473807662236121985e+01
1.475762314308053114e+01
1.477716966379984243e+01
1.479671618451915549e+01
1.481626270523846678e+01
1.483580922595777984e+01
1.485535574667709113e+01
1.487490226739640242e+01
1.489444878811571549e+01
1.491399530883502678e+01
1.493354182955433807e+01
1.495308835027365113e+01
1.497263487099296242e+01
1.499218139171227548e+01
1.501172791243158677e+01
1.503127443315089806e+01
1.505082095387021113e+01
1.507036747458952242e+01
1.508991399530883548e+01
1.510946051602814677e+01
1.512900703674745806e+01
1.514855355746677112e+01
1.516810007818608241e+01
1.518764659890539370e+01
1.520719311962470677e+01
1.522673964034401806e+01
1.524628616106333112e+01
1.526583268178264241e+01
1.528537920250195370e+01
1.530492572322126676e+01
1.532447224394057805e+01
1.534401876465988934e+01
1.536356528537920241e+01
1.538311180609851370e+01
1.540265832681782676e+01
1.542220484753713805e+01
1.544175136825644934e+01
1.546129788897576240e+01
1.548084440969507369e+01
1.550039093041438498e+01
1.551993745113369805e+01
1.553948397185300934e+01
1.555903049257232240e+01
1.557857701329163369e+01
1.559812353401094498e+01
1.561767005473025804e+01
1.563721657544956933e+01
1.565676309616888240e+01
1.567630961688819369e+01
1.569585613760750498e+01
1.571540265832681804e+01
1.573494917904612933e+01
1.575449569976544062e+01
1.577404222048475368e+01
1.579358874120406497e+01
1.581313526192337804e+01
1.583268178264268933e+01
1.585222830336200062e+01
1.587177482408131368e+01
1.589132134480062497e+01
1.591086786551993626e+01
1.593041438623924932e+01
1.594996090695856061e+01
1.596950742767787368e+01
1.598905394839718497e+01
1.600860046911649803e+01
1.602814698983580755e+01
1.604769351055512061e+01
1.606724003127443368e+01
1.608678655199374319e+01
1.610633307271305625e+01
1.612587959343236932e+01
1.614542611415167883e+01
1.616497263487099190e+01
1.618451915559030496e+01
1.620406567630961803e+01
1.622361219702892754e+01
1.624315871774824060e+01
1.626270523846755367e+01
1.628225175918686318e+01
1.630179827990617625e+01
1.632134480062548931e+01
1.634089132134479883e+01
1.636043784206411189e+01
1.637998436278342496e+01
1.639953088350273447e+01
1.641907740422204753e+01
1.643862392494136060e+01
1.645817044566067366e+01
1.647771696637998318e+01
1.649726348709929624e+01
1.651681000781860931e+01
1.653635652853791882e+01
1.655590304925723188e+01
1.657544956997654495e+01
1.659499609069585446e+01
1.661454261141516753e+01
1.663408913213448059e+01
1.665363565285379011e+01
1.667318217357310317e+01
1.669272869429241624e+01
1.671227521501172575e+01
1.673182173573103881e+01
1.675136825645035188e+01
1.677091477716966494e+01
1.679046129788897446e+01
1.681000781860828752e+01
1.682955433932760059e+01
1.684910086004691010e+01
1.686864738076622316e+01
1.688819390148553623e+01
1.690774042220484574e+01
1.692728694292415881e+01
1.694683346364347187e+01
1.696637998436278139e+01
1.698592650508209445e+01
1.700547302580140752e+01
1.702501954652072058e+01
1.704456606724003009e+01
1.706411258795934316e+01
1.708365910867865622e+01
1.710320562939796574e+01
1.712275215011727880e+01
1.714229867083659187e+01
1.716184519155590138e+01
1.718139171227521445e+01
1.720093823299452751e+01
1.722048475371383702e+01
1.724003127443315009e+01
1.725957779515246315e+01
1.727912431587177267e+01
1.729867083659108573e+01
1.731821735731039880e+01
1.733776387802971186e+01
1.735731039874902137e+01
1.737685691946833444e+01
1.739640344018764750e+01
1.741594996090695702e+01
1.743549648162627008e+01
1.745504300234558315e+01
1.747458952306489266e+01
1.749413604378420573e+01
1.751368256450351879e+01
1.753322908522282830e+01
1.755277560594214137e+01
1.757232212666145443e+01
1.759186864738076750e+01
1.761141516810007701e+01
1.763096168881939008e+01
1.765050820953870314e+01
1.767005473025801265e+01
1.768960125097732572e+01
1.770914777169663878e+01
1.772869429241594830e+01
1.774824081313526136e+01
1.776778733385457443e+01
1.778733385457388394e+01
1.780688037529319701e+01
1.782642689601251007e+01
1.784597341673181958e+01
1.786551993745113265e+01
1.788506645817044571e+01
1.790461297888975878e+01
1.792415949960906829e+01
1.794370602032838136e+01
1.796325254104769442e+01
1.798279906176700393e+01
1.800234558248631700e+01
1.802189210320563006e+01
1.804143862392493958e+01
1.806098514464425264e+01
1.808053166536356571e+01
1.810007818608287522e+01
1.811962470680218829e+01
1.813917122752150135e+01
1.815871774824081442e+01
1.817826426896012393e+01
1.819781078967943699e+01
1.821735731039875006e+01
1.823690383111805957e+01
1.825645035183737264e+01
1.827599687255668570e+01
1.829554339327599521e+01
1.831508991399530828e+01
1.833463643471462134e+01
1.835418295543393086e+01
1.837372947615324392e+01
1.839327599687255699e+01
1.841282251759186650e+01
1.843236903831117957e+01
1.845191555903049263e+01
1.847146207974980570e+01
1.849100860046911521e+01
1.851055512118842827e+01
1.853010164190774134e+01
1.854964816262705085e+01
1.856919468334636392e+01
1.858874120406567698e+01
1.860828772478498649e+01
1.862783424550429956e+01
1.864738076622361262e+01
1.866692728694292214e+01
1.868647380766223520e+01
1.870602032838154827e+01
1.872556684910085778e+01
1.874511336982017085e+01
1.876465989053948391e+01
1.878420641125879698e+01
1.880375293197810649e+01
1.882329945269741955e+01
1.884284597341673262e+01
1.886239249413604213e+01
1.888193901485535520e+01
1.890148553557466826e+01
1.892103205629397777e+01
1.894057857701329084e+01
1.896012509773260390e+01
1.897967161845191342e+01
1.899921813917122648e+01
1.901876465989053955e+01
1.903831118060985261e+01
1.905785770132916213e+01
1.907740422204847519e+01
1.909695074276778826e+01
1.911649726348709777e+01
1.913604378420641083e+01
1.915559030492572390e+01
1.917513682564503341e+01
1.919468334636434648e+01
1.921422986708365954e+01
1.923377638780296905e+01
1.925332290852228212e+01
1.927286942924159518e+01
1.929241594996090470e+01
1.931196247068021776e+01
1.933150899139953083e+01
1.935105551211884389e+01
1.937060203283815341e+01
1.939014855355746647e+01
1.940969507427677954e+01
1.942924159499608905e+01
1.944878811571540211e+01
1.946833463643471518e+01
1.948788115715402469e+01
1.950742767787333776e+01
1.952697419859265082e+01
1.954652071931196033e+01
1.956606724003127340e+01
1.958561376075058647e+01
1.960516028146989953e+01
1.962470680218920904e+01
1.964425332290852211e+01
1.966379984362783517e+01
1.968334636434714469e+01
1.970289288506645775e+01
1.972243940578577082e+01
1.974198592650508033e+01
1.976153244722439339e+01
1.978107896794370646e+01
1.980062548866301597e+01
1.982017200938232904e+01
1.983971853010164210e+01
1.985926505082095161e+01
1.987881157154026468e+01
1.989835809225957775e+01
1.991790461297889081e+01
1.993745113369820032e+01
1.995699765441751339e+01
1.997654417513682645e+01
1.999609069585613597e+01
2.001563721657544903e+01
2.003518373729476210e+01
2.005473025801407161e+01
2.007427677873338467e+01
2.009382329945269774e+01
2.011336982017200725e+01
2.013291634089132032e+01
2.015246286161063338e+01
2.017200938232994645e+01
2.019155590304925596e+01
2.021110242376856903e+01
2.023064894448788209e+01
2.025019546520719160e+01
2.026974198592650467e+01
2.028928850664581773e+01
2.030883502736512725e+01
2.032838154808444031e+01
2.034792806880375338e+01
2.036747458952306289e+01
2.038702111024237595e+01
2.040656763096168902e+01
2.042611415168099853e+01
2.044566067240031160e+01
2.046520719311962466e+01
2.048475371383893773e+01
2.050430023455824724e+01
2.052384675527756031e+01
2.054339327599687337e+01
2.056293979671618288e+01
2.058248631743549595e+01
2.060203283815480901e+01
2.062157935887411853e+01
2.064112587959343159e+01
2.066067240031274466e+01
2.068021892103205417e+01
2.069976544175136723e+01
2.071931196247068030e+01
2.073885848318999336e+01
2.075840500390930288e+01
2.077795152462861594e+01
2.079749804534792901e+01
2.081704456606723852e+01
2.083659108678655159e+01
2.085613760750586465e+01
2.087568412822517416e+01
2.089523064894448723e+01
2.091477716966380029e+01
2.093432369038310981e+01
2.095387021110242287e+01
2.097341673182173594e+01
2.099296325254104545e+01
2.101250977326035851e+01
2.103205629397967158e+01
2.105160281469898464e+01
2.107114933541829416e+01
2.109069585613760722e+01
2.111024237685692029e+01
2.112978889757622980e+01
2.114933541829554287e+01
2.116888193901485593e+01
2.118842845973416544e+01
2.120797498045347851e+01
2.122752150117279157e+01
2.124706802189210109e+01
2.126661454261141415e+01
2.128616106333072722e+01
2.130570758405004028e+01
2.132525410476934979e+01
2.134480062548866286e+01
2.136434714620797592e+01
2.138389366692728544e+01
2.140344018764659850e+01
2.142298670836591157e+01
2.144253322908522108e+01
2.146207974980453415e+01
2.148162627052384721e+01
2.150117279124315672e+01
2.152071931196246979e+01
2.154026583268178285e+01
2.155981235340109237e+01
2.157935887412040543e+01
2.159890539483971850e+01
2.161845191555903156e+01
2.163799843627834107e+01
2.165754495699765414e+01
2.167709147771696720e+01
2.169663799843627672e+01
2.171618451915558978e+01
2.173573103987490285e+01
2.175527756059421236e+01
2.177482408131352543e+01
2.179437060203283849e+01
2.181391712275214800e+01
2.183346364347146107e+01
2.185301016419077413e+01
2.187255668491008365e+01
2.189210320562939671e+01
2.191164972634870978e+01
2.193119624706802284e+01
2.195074276778733235e+01
2.197028928850664542e+01
2.198983580922595849e+01
2.200938232994526800e+01
2.202892885066458106e+01
2.204847537138389413e+01
2.206802189210320364e+01
2.208756841282251671e+01
2.210711493354182977e+01
2.212666145426113928e+01
2.214620797498045235e+01
2.216575449569976541e+01
2.218530101641907848e+01
2.220484753713838799e+01
2.222439405785770106e+01
2.224394057857701412e+01
2.226348709929632363e+01
2.228303362001563670e+01
2.230258014073494977e+01
2.232212666145425928e+01
2.234167318217357234e+01
2.236121970289288541e+01
2.238076622361219492e+01
2.240031274433150799e+01
2.241985926505082105e+01
2.243940578577013056e+01
2.245895230648944363e+01
2.247849882720875669e+01
2.249804534792806976e+01
2.251759186864737927e+01
2.253713838936669234e+01
2.255668491008600540e+01
2.257623143080531491e+01
2.259577795152462798e+01
2.261532447224394105e+01
2.263487099296325056e+01
2.265441751368256362e+01
2.267396403440187669e+01
2.269351055512118620e+01
2.271305707584049927e+01
2.273260359655981233e+01
2.275215011727912540e+01
2.277169663799843491e+01
2.279124315871774797e+01
2.281078967943706104e+01
2.283033620015637055e+01
2.284988272087568362e+01
2.286942924159499668e+01
2.288897576231430619e+01
2.290852228303361926e+01
2.292806880375293233e+01
2.294761532447224184e+01
2.296716184519155490e+01
2.298670836591086797e+01
2.300625488663017748e+01
2.302580140734949055e+01
2.304534792806880361e+01
2.306489444878811668e+01
2.308444096950742619e+01
2.310398749022673925e+01
2.312353401094605232e+01
2.314308053166536183e+01
2.316262705238467490e+01
2.318217357310398796e+01
2.320172009382329747e+01
2.322126661454261054e+01
2.324081313526192361e+01
2.326035965598123312e+01
2.327990617670054618e+01
2.329945269741985925e+01
2.331899921813917231e+01
2.333854573885848183e+01
2.335809225957779489e+01
2.337763878029710796e+01
2.339718530101641747e+01
2.341673182173573053e+01
2.343627834245504360e+01
2.345582486317435311e+01
2.347537138389366618e+01
2.349491790461297924e+01
2.351446442533228876e+01
2.353401094605160182e+01
2.355355746677091489e+01
2.357310398749022440e+01
2.359265050820953746e+01
2.361219702892885053e+01
2.363174354964816359e+01
2.365129007036747311e+01
2.367083659108678617e+01
2.369038311180609924e+01
2.370992963252540875e+01
2.372947615324472181e+01
2.374902267396403488e+01
2.376856919468334439e+01
2.378811571540265746e+01
2.380766223612197052e+01
2.382720875684128004e+01
2.384675527756059310e+01
2.386630179827990617e+01
2.388584831899921923e+01
2.390539483971852874e+01
2.392494136043784181e+01
2.394448788115715487e+01
2.396403440187646439e+01
2.398358092259577745e+01
2.400312744331509052e+01
2.402267396403440003e+01
2.404222048475371309e+01
2.406176700547302616e+01
2.408131352619233567e+01
2.410086004691164874e+01
2.412040656763096180e+01
2.413995308835027132e+01
2.415949960906958438e+01
2.417904612978889745e+01
2.419859265050821051e+01
2.421813917122752002e+01
2.423768569194683309e+01
2.425723221266614615e+01
2.427677873338545567e+01
2.429632525410476873e+01
2.431587177482408180e+01
2.433541829554339131e+01
2.435496481626270437e+01
2.437451133698201744e+01
2.439405785770132695e+01
2.441360437842064002e+01
2.443315089913995308e+01
2.445269741985926615e+01
2.447224394057857566e+01
2.449179046129788873e+01
2.451133698201720179e+01
2.453088350273651130e+01
2.455043002345582437e+01
2.456997654417513743e+01
2.458952306489444695e+01
2.460906958561376001e+01
2.462861610633307308e+01
2.464816262705238259e+01
2.466770914777169565e+01
2.468725566849100872e+01
2.470680218921031823e+01
2.472634870992963130e+01
2.474589523064894436e+01
2.476544175136825743e+01
2.478498827208756694e+01
2.480453479280688001e+01
2.482408131352619307e+01
2.484362783424550258e+01
2.486317435496481565e+01
2.488272087568412871e+01
2.490226739640343823e+01
2.492181391712275129e+01
2.494136043784206436e+01
2.496090695856137387e+01
2.498045347928068693e+01
2.500000000000000000e+01
