0.000000000000000000e+00
6.410256410256410797e-01
1.282051282051282159e+00
1.923076923076923350e+00
2.564102564102564319e+00
3.205128205128205288e+00
3.846153846153846700e+00
4.487179487179487225e+00
5.128205128205128638e+00
5.769230769230770051e+00
6.410256410256410575e+00
7.051282051282051988e+00
7.692307692307693401e+00
8.333333333333333925e+00
8.974358974358974450e+00
9.615384615384616751e+00
1.025641025641025728e+01
1.089743589743589780e+01
1.153846153846154010e+01
1.217948717948718063e+01
1.282051282051282115e+01
1.346153846153846345e+01
1.410256410256410398e+01
1.474358974358974450e+01
1.538461538461538680e+01
1.602564102564102555e+01
1.666666666666666785e+01
1.730769230769231015e+01
1.794871794871794890e+01
1.858974358974359120e+01
1.923076923076923350e+01
1.987179487179487225e+01
2.051282051282051455e+01
2.115384615384615685e+01
2.179487179487179560e+01
2.243589743589743790e+01
2.307692307692308020e+01
2.371794871794871895e+01
2.435897435897436125e+01
2.500000000000000000e+01
