0.000000000000000000e+00
1.572327044025157161e-01
3.144654088050314322e-01
4.716981132075471761e-01
6.289308176100628645e-01
7.861635220125785528e-01
9.433962264150943522e-01
1.100628930817610041e+00
1.257861635220125729e+00
1.415094339622641417e+00
1.572327044025157106e+00
1.729559748427672794e+00
1.886792452830188704e+00
2.044025157232704171e+00
2.201257861635220081e+00
2.358490566037735547e+00
2.515723270440251458e+00
2.672955974842767368e+00
2.830188679245282835e+00
2.987421383647798745e+00
3.144654088050314211e+00
3.301886792452830122e+00
3.459119496855345588e+00
3.616352201257861498e+00
3.773584905660377409e+00
3.930817610062892875e+00
4.088050314465408341e+00
4.245283018867924696e+00
4.402515723270440162e+00
4.559748427672955629e+00
4.716981132075471095e+00
4.874213836477987449e+00
5.031446540880502916e+00
5.188679245283018382e+00
5.345911949685534736e+00
5.503144654088050203e+00
5.660377358490565669e+00
5.817610062893081135e+00
5.974842767295597490e+00
6.132075471698112956e+00
6.289308176100628422e+00
6.446540880503144777e+00
6.603773584905660243e+00
6.761006289308175710e+00
6.918238993710691176e+00
7.075471698113207530e+00
7.232704402515722997e+00
7.389937106918238463e+00
7.547169811320754818e+00
7.704402515723270284e+00
7.861635220125785750e+00
8.018867924528301216e+00
8.176100628930816683e+00
8.333333333333332149e+00
8.490566037735849392e+00
8.647798742138364858e+00
8.805031446540880324e+00
8.962264150943395791e+00
9.119496855345911257e+00
9.276729559748426723e+00
9.433962264150942190e+00
9.591194968553459432e+00
9.748427672955974899e+00
9.905660377358490365e+00
1.006289308176100583e+01
1.022012578616352130e+01
1.037735849056603676e+01
1.053459119496855223e+01
1.069182389937106947e+01
1.084905660377358494e+01
1.100628930817610041e+01
1.116352201257861587e+01
1.132075471698113134e+01
1.147798742138364680e+01
1.163522012578616227e+01
1.179245283018867951e+01
1.194968553459119498e+01
1.210691823899371045e+01
1.226415094339622591e+01
1.242138364779874138e+01
1.257861635220125684e+01
1.273584905660377231e+01
1.289308176100628955e+01
1.305031446540880502e+01
1.320754716981132049e+01
1.336477987421383595e+01
1.352201257861635142e+01
1.367924528301886689e+01
1.383647798742138235e+01
1.399371069182389959e+01
1.415094339622641506e+01
1.430817610062893053e+01
1.446540880503144599e+01
1.462264150943396146e+01
1.477987421383647693e+01
1.493710691823899239e+01
1.509433962264150964e+01
1.525157232704402510e+01
1.540880503144654057e+01
1.556603773584905603e+01
1.572327044025157150e+01
1.588050314465408697e+01
1.603773584905660243e+01
1.619496855345911968e+01
1.635220125786163337e+01
1.650943396226415061e+01
1.666666666666666430e+01
1.682389937106918154e+01
1.698113207547169878e+01
1.713836477987421247e+01
1.729559748427672972e+01
1.745283018867924341e+01
1.761006289308176065e+01
1.776729559748427434e+01
1.792452830188679158e+01
1.808176100628930882e+01
1.823899371069182251e+01
1.839622641509433976e+01
1.855345911949685345e+01
1.871069182389937069e+01
1.886792452830188438e+01
1.902515723270440162e+01
1.918238993710691886e+01
1.933962264150943255e+01
1.949685534591194980e+01
1.965408805031446349e+01
1.981132075471698073e+01
1.996855345911949442e+01
2.012578616352201166e+01
2.028301886792452891e+01
2.044025157232704260e+01
2.059748427672955984e+01
2.075471698113207353e+01
2.091194968553459077e+01
2.106918238993710446e+01
2.122641509433962170e+01
2.138364779874213895e+01
2.154088050314465264e+01
2.169811320754716988e+01
2.185534591194968357e+01
2.201257861635220081e+01
2.216981132075471450e+01
2.232704402515723174e+01
2.248427672955974899e+01
2.264150943396226268e+01
2.279874213836477992e+01
2.295597484276729361e+01
2.311320754716981085e+01
2.327044025157232454e+01
2.342767295597484178e+01
2.358490566037735903e+01
2.374213836477987272e+01
2.389937106918238996e+01
2.405660377358490365e+01
2.421383647798742089e+01
2.437106918238993458e+01
2.452830188679245182e+01
2.468553459119496907e+01
2.484276729559748276e+01
2.500000000000000000e+01
