0.000000000000000000e+00
3.164556962025316666e-01
6.329113924050633333e-01
9.493670886075949999e-01
1.265822784810126667e+00
1.582278481012658222e+00
1.898734177215190000e+00
2.215189873417721778e+00
2.531645569620253333e+00
2.848101265822784889e+00
3.164556962025316444e+00
3.481012658227848444e+00
3.797468354430380000e+00
4.113924050632912000e+00
4.430379746835443555e+00
4.746835443037975111e+00
5.063291139240506666e+00
5.379746835443038222e+00
5.696202531645569778e+00
6.012658227848101333e+00
6.329113924050632889e+00
6.645569620253165333e+00
6.962025316455696888e+00
7.278481012658228444e+00
7.594936708860760000e+00
7.911392405063291555e+00
8.227848101265823999e+00
8.544303797468355555e+00
8.860759493670887110e+00
9.177215189873418666e+00
9.493670886075950222e+00
9.810126582278481777e+00
1.012658227848101333e+01
1.044303797468354489e+01
1.075949367088607644e+01
1.107594936708860800e+01
1.139240506329113956e+01
1.170886075949367111e+01
1.202531645569620267e+01
1.234177215189873422e+01
1.265822784810126578e+01
1.297468354430379911e+01
1.329113924050633067e+01
1.360759493670886222e+01
1.392405063291139378e+01
1.424050632911392533e+01
1.455696202531645689e+01
1.487341772151898844e+01
1.518987341772152000e+01
1.550632911392405155e+01
1.582278481012658311e+01
1.613924050632911644e+01
1.645569620253164800e+01
1.677215189873417955e+01
1.708860759493671111e+01
1.740506329113924266e+01
1.772151898734177422e+01
1.803797468354430578e+01
1.835443037974683733e+01
1.867088607594936889e+01
1.898734177215190044e+01
1.930379746835443200e+01
1.962025316455696355e+01
1.993670886075949511e+01
2.025316455696202667e+01
2.056962025316455822e+01
2.088607594936708978e+01
2.120253164556962133e+01
2.151898734177215289e+01
2.183544303797468444e+01
2.215189873417721600e+01
2.246835443037974755e+01
2.278481012658227911e+01
2.310126582278481067e+01
2.341772151898734222e+01
2.373417721518987378e+01
2.405063291139240533e+01
2.436708860759493689e+01
2.468354430379746844e+01
2.500000000000000000e+01
