0.000000000000000000e+00
1.315789473684210620e+00
2.631578947368421240e+00
3.947368421052631859e+00
5.263157894736842479e+00
6.578947368421053099e+00
7.894736842105263719e+00
9.210526315789474339e+00
1.052631578947368496e+01
1.184210526315789558e+01
1.315789473684210620e+01
1.447368421052631682e+01
1.578947368421052744e+01
1.710526315789473983e+01
1.842105263157894868e+01
1.973684210526315752e+01
2.105263157894736992e+01
2.236842105263158231e+01
2.368421052631579116e+01
2.500000000000000000e+01
