0.000000000000000000e+00
7.836990595611285915e-02
1.567398119122257183e-01
2.351097178683385636e-01
3.134796238244514366e-01
3.918495297805643096e-01
4.702194357366771271e-01
5.485893416927900557e-01
6.269592476489028732e-01
7.053291536050156907e-01
7.836990595611286192e-01
8.620689655172414367e-01
9.404388714733542542e-01
1.018808777429467183e+00
1.097178683385580111e+00
1.175548589341692818e+00
1.253918495297805746e+00
1.332288401253918675e+00
1.410658307210031381e+00
1.489028213166144310e+00
1.567398119122257238e+00
1.645768025078369945e+00
1.724137931034482873e+00
1.802507836990595802e+00
1.880877742946708508e+00
1.959247648902821437e+00
2.037617554858934366e+00
2.115987460815047072e+00
2.194357366771160223e+00
2.272727272727272929e+00
2.351097178683385636e+00
2.429467084639498786e+00
2.507836990595611493e+00
2.586206896551724199e+00
2.664576802507837350e+00
2.742946708463950056e+00
2.821316614420062763e+00
2.899686520376175913e+00
2.978056426332288620e+00
3.056426332288401326e+00
3.134796238244514477e+00
3.213166144200627183e+00
3.291536050156739890e+00
3.369905956112853040e+00
3.448275862068965747e+00
3.526645768025078453e+00
3.605015673981191604e+00
3.683385579937304311e+00
3.761755485893417017e+00
3.840125391849530168e+00
3.918495297805642874e+00
3.996865203761756025e+00
4.075235109717868731e+00
4.153605015673981882e+00
4.231974921630094144e+00
4.310344827586207295e+00
4.388714733542320445e+00
4.467084639498432708e+00
4.545454545454545858e+00
4.623824451410659009e+00
4.702194357366771271e+00
4.780564263322884422e+00
4.858934169278997572e+00
4.937304075235109835e+00
5.015673981191222985e+00
5.094043887147336136e+00
5.172413793103448398e+00
5.250783699059561549e+00
5.329153605015674700e+00
5.407523510971786962e+00
5.485893416927900113e+00
5.564263322884013263e+00
5.642633228840125525e+00
5.721003134796238676e+00
5.799373040752351827e+00
5.877742946708464089e+00
5.956112852664577240e+00
6.034482758620690390e+00
6.112852664576802653e+00
6.191222570532915803e+00
6.269592476489028954e+00
6.347962382445141216e+00
6.426332288401254367e+00
6.504702194357367517e+00
6.583072100313479780e+00
6.661442006269592930e+00
6.739811912225706081e+00
6.818181818181818343e+00
6.896551724137931494e+00
6.974921630094044644e+00
7.053291536050156907e+00
7.131661442006270057e+00
7.210031347962383208e+00
7.288401253918495470e+00
7.366771159874608621e+00
7.445141065830721772e+00
7.523510971786834034e+00
7.601880877742947185e+00
7.680250783699060335e+00
7.758620689655173486e+00
7.836990595611285748e+00
7.915360501567398899e+00
7.993730407523512049e+00
8.072100313479625200e+00
8.150470219435737462e+00
8.228840125391849725e+00
8.307210031347963763e+00
8.385579937304076026e+00
8.463949843260188288e+00
8.542319749216302327e+00
8.620689655172414589e+00
8.699059561128526852e+00
8.777429467084640891e+00
8.855799373040753153e+00
8.934169278996865415e+00
9.012539184952979454e+00
9.090909090909091717e+00
9.169278996865203979e+00
9.247648902821318018e+00
9.326018808777430280e+00
9.404388714733542542e+00
9.482758620689656581e+00
9.561128526645768844e+00
9.639498432601881106e+00
9.717868338557995145e+00
9.796238244514107407e+00
9.874608150470219670e+00
9.952978056426333708e+00
1.003134796238244597e+01
1.010971786833855823e+01
1.018808777429467227e+01
1.026645768025078453e+01
1.034482758620689680e+01
1.042319749216301084e+01
1.050156739811912310e+01
1.057993730407523536e+01
1.065830721003134940e+01
1.073667711598746166e+01
1.081504702194357392e+01
1.089341692789968796e+01
1.097178683385580023e+01
1.105015673981191249e+01
1.112852664576802653e+01
1.120689655172413879e+01
1.128526645768025105e+01
1.136363636363636509e+01
1.144200626959247735e+01
1.152037617554858961e+01
1.159874608150470365e+01
1.167711598746081592e+01
1.175548589341692818e+01
1.183385579937304222e+01
1.191222570532915448e+01
1.199059561128526674e+01
1.206896551724138078e+01
1.214733542319749304e+01
1.222570532915360531e+01
1.230407523510971934e+01
1.238244514106583161e+01
1.246081504702194387e+01
1.253918495297805791e+01
1.261755485893417017e+01
1.269592476489028243e+01
1.277429467084639647e+01
1.285266457680250873e+01
1.293103448275862100e+01
1.300940438871473503e+01
1.308777429467084730e+01
1.316614420062695956e+01
1.324451410658307360e+01
1.332288401253918586e+01
1.340125391849529812e+01
1.347962382445141216e+01
1.355799373040752442e+01
1.363636363636363669e+01
1.371473354231975073e+01
1.379310344827586299e+01
1.387147335423197525e+01
1.394984326018808929e+01
1.402821316614420155e+01
1.410658307210031381e+01
1.418495297805642785e+01
1.426332288401254011e+01
1.434169278996865238e+01
1.442006269592476642e+01
1.449843260188087868e+01
1.457680250783699094e+01
1.465517241379310498e+01
1.473354231974921724e+01
1.481191222570532950e+01
1.489028213166144354e+01
1.496865203761755581e+01
1.504702194357366807e+01
1.512539184952978211e+01
1.520376175548589437e+01
1.528213166144200841e+01
1.536050156739812067e+01
1.543887147335423293e+01
1.551724137931034697e+01
1.559561128526645923e+01
1.567398119122257150e+01
1.575235109717868554e+01
1.583072100313479780e+01
1.590909090909091006e+01
1.598746081504702410e+01
1.606583072100313458e+01
1.614420062695925040e+01
1.622257053291536266e+01
1.630094043887147492e+01
1.637931034482758719e+01
1.645768025078369945e+01
1.653605015673981171e+01
1.661442006269592753e+01
1.669278996865203979e+01
1.677115987460815205e+01
1.684952978056426431e+01
1.692789968652037658e+01
1.700626959247648884e+01
1.708463949843260465e+01
1.716300940438871692e+01
1.724137931034482918e+01
1.731974921630094144e+01
1.739811912225705370e+01
1.747648902821316597e+01
1.755485893416928178e+01
1.763322884012539404e+01
1.771159874608150631e+01
1.778996865203761857e+01
1.786833855799373083e+01
1.794670846394984309e+01
1.802507836990595891e+01
1.810344827586207117e+01
1.818181818181818343e+01
1.826018808777429570e+01
1.833855799373040796e+01
1.841692789968652022e+01
1.849529780564263604e+01
1.857366771159874830e+01
1.865203761755486056e+01
1.873040752351097282e+01
1.880877742946708508e+01
1.888714733542319735e+01
1.896551724137931316e+01
1.904388714733542542e+01
1.912225705329153769e+01
1.920062695924764995e+01
1.927899686520376221e+01
1.935736677115987447e+01
1.943573667711599029e+01
1.951410658307210255e+01
1.959247648902821481e+01
1.967084639498432708e+01
1.974921630094043934e+01
1.982758620689655160e+01
1.990595611285266742e+01
1.998432601880877968e+01
2.006269592476489194e+01
2.014106583072100420e+01
2.021943573667711647e+01
2.029780564263323228e+01
2.037617554858934454e+01
2.045454545454545681e+01
2.053291536050156907e+01
2.061128526645768133e+01
2.068965517241379359e+01
2.076802507836990941e+01
2.084639498432602167e+01
2.092476489028213393e+01
2.100313479623824620e+01
2.108150470219435846e+01
2.115987460815047072e+01
2.123824451410658654e+01
2.131661442006269880e+01
2.139498432601881106e+01
2.147335423197492332e+01
2.155172413793103559e+01
2.163009404388714785e+01
2.170846394984326366e+01
2.178683385579937593e+01
2.186520376175548819e+01
2.194357366771160045e+01
2.202194357366771271e+01
2.210031347962382497e+01
2.217868338557994079e+01
2.225705329153605305e+01
2.233542319749216531e+01
2.241379310344827758e+01
2.249216300940438984e+01
2.257053291536050210e+01
2.264890282131661792e+01
2.272727272727273018e+01
2.280564263322884244e+01
2.288401253918495470e+01
2.296238244514106697e+01
2.304075235109717923e+01
2.311912225705329504e+01
2.319749216300940731e+01
2.327586206896551957e+01
2.335423197492163183e+01
2.343260188087774409e+01
2.351097178683385636e+01
2.358934169278997217e+01
2.366771159874608443e+01
2.374608150470219670e+01
2.382445141065830896e+01
2.390282131661442122e+01
2.398119122257053348e+01
2.405956112852664930e+01
2.413793103448276156e+01
2.421630094043887382e+01
2.429467084639498609e+01
2.437304075235109835e+01
2.445141065830721061e+01
2.452978056426332643e+01
2.460815047021943869e+01
2.468652037617555095e+01
2.476489028213166321e+01
2.484326018808777548e+01
2.492163009404388774e+01
2.500000000000000000e+01
