0.000000000000000000e+00
3.912363067292645019e-02
7.824726134585290038e-02
1.173708920187793436e-01
1.564945226917058008e-01
1.956181533646322579e-01
2.347417840375586873e-01
2.738654147104851444e-01
3.129890453834116015e-01
3.521126760563380587e-01
3.912363067292645158e-01
4.303599374021909729e-01
4.694835680751173745e-01
5.086071987480438317e-01
5.477308294209702888e-01
5.868544600938967459e-01
6.259780907668232031e-01
6.651017214397496602e-01
7.042253521126761173e-01
7.433489827856025745e-01
7.824726134585290316e-01
8.215962441314554887e-01
8.607198748043819458e-01
8.998435054773084030e-01
9.389671361502347491e-01
9.780907668231612062e-01
1.017214397496087663e+00
1.056338028169014231e+00
1.095461658841940578e+00
1.134585289514867146e+00
1.173708920187793492e+00
1.212832550860720060e+00
1.251956181533646406e+00
1.291079812206572752e+00
1.330203442879499320e+00
1.369327073552425666e+00
1.408450704225352235e+00
1.447574334898278581e+00
1.486697965571205149e+00
1.525821596244131495e+00
1.564945226917058063e+00
1.604068857589984409e+00
1.643192488262910977e+00
1.682316118935837324e+00
1.721439749608763892e+00
1.760563380281690238e+00
1.799687010954616806e+00
1.838810641627543152e+00
1.877934272300469498e+00
1.917057902973396066e+00
1.956181533646322412e+00
1.995305164319248981e+00
2.034428794992175327e+00
2.073552425665101673e+00
2.112676056338028463e+00
2.151799687010954809e+00
2.190923317683881155e+00
2.230046948356807501e+00
2.269170579029734292e+00
2.308294209702660638e+00
2.347417840375586984e+00
2.386541471048513330e+00
2.425665101721440120e+00
2.464788732394366466e+00
2.503912363067292812e+00
2.543035993740219158e+00
2.582159624413145504e+00
2.621283255086072295e+00
2.660406885758998641e+00
2.699530516431924987e+00
2.738654147104851333e+00
2.777777777777778123e+00
2.816901408450704469e+00
2.856025039123630815e+00
2.895148669796557162e+00
2.934272300469483952e+00
2.973395931142410298e+00
3.012519561815336644e+00
3.051643192488262990e+00
3.090766823161189780e+00
3.129890453834116126e+00
3.169014084507042472e+00
3.208137715179968819e+00
3.247261345852895165e+00
3.286384976525821955e+00
3.325508607198748301e+00
3.364632237871674647e+00
3.403755868544600993e+00
3.442879499217527783e+00
3.482003129890454129e+00
3.521126760563380476e+00
3.560250391236306822e+00
3.599374021909233612e+00
3.638497652582159958e+00
3.677621283255086304e+00
3.716744913928012650e+00
3.755868544600938996e+00
3.794992175273865787e+00
3.834115805946792133e+00
3.873239436619718479e+00
3.912363067292644825e+00
3.951486697965571615e+00
3.990610328638497961e+00
4.029733959311424307e+00
4.068857589984350653e+00
4.107981220657276999e+00
4.147104851330203346e+00
4.186228482003130580e+00
4.225352112676056926e+00
4.264475743348983272e+00
4.303599374021909618e+00
4.342723004694835964e+00
4.381846635367762310e+00
4.420970266040688657e+00
4.460093896713615003e+00
4.499217527386541349e+00
4.538341158059468583e+00
4.577464788732394929e+00
4.616588419405321275e+00
4.655712050078247621e+00
4.694835680751173967e+00
4.733959311424100314e+00
4.773082942097026660e+00
4.812206572769953006e+00
4.851330203442880240e+00
4.890453834115806586e+00
4.929577464788732932e+00
4.968701095461659278e+00
5.007824726134585624e+00
5.046948356807511971e+00
5.086071987480438317e+00
5.125195618153364663e+00
5.164319248826291009e+00
5.203442879499218243e+00
5.242566510172144589e+00
5.281690140845070935e+00
5.320813771517997282e+00
5.359937402190923628e+00
5.399061032863849974e+00
5.438184663536776320e+00
5.477308294209702666e+00
5.516431924882629900e+00
5.555555555555556246e+00
5.594679186228482592e+00
5.633802816901408939e+00
5.672926447574335285e+00
5.712050078247261631e+00
5.751173708920187977e+00
5.790297339593114323e+00
5.829420970266040669e+00
5.868544600938967903e+00
5.907668231611894250e+00
5.946791862284820596e+00
5.985915492957746942e+00
6.025039123630673288e+00
6.064162754303599634e+00
6.103286384976525980e+00
6.142410015649452326e+00
6.181533646322379560e+00
6.220657276995305907e+00
6.259780907668232253e+00
6.298904538341158599e+00
6.338028169014084945e+00
6.377151799687011291e+00
6.416275430359937637e+00
6.455399061032863983e+00
6.494522691705790329e+00
6.533646322378717564e+00
6.572769953051643910e+00
6.611893583724570256e+00
6.651017214397496602e+00
6.690140845070422948e+00
6.729264475743349294e+00
6.768388106416275640e+00
6.807511737089201986e+00
6.846635367762129221e+00
6.885758998435055567e+00
6.924882629107981913e+00
6.964006259780908259e+00
7.003129890453834605e+00
7.042253521126760951e+00
7.081377151799687297e+00
7.120500782472613643e+00
7.159624413145539990e+00
7.198748043818467224e+00
7.237871674491393570e+00
7.276995305164319916e+00
7.316118935837246262e+00
7.355242566510172608e+00
7.394366197183098954e+00
7.433489827856025300e+00
7.472613458528951647e+00
7.511737089201877993e+00
7.550860719874805227e+00
7.589984350547731573e+00
7.629107981220657919e+00
7.668231611893584265e+00
7.707355242566510611e+00
7.746478873239436957e+00
7.785602503912363304e+00
7.824726134585289650e+00
7.863849765258216884e+00
7.902973395931143230e+00
7.942097026604069576e+00
7.981220657276995922e+00
8.020344287949923157e+00
8.059467918622848615e+00
8.098591549295775849e+00
8.137715179968701307e+00
8.176838810641628541e+00
8.215962441314553999e+00
8.255086071987481233e+00
8.294209702660406691e+00
8.333333333333333925e+00
8.372456964006261160e+00
8.411580594679186618e+00
8.450704225352113852e+00
8.489827856025039310e+00
8.528951486697966544e+00
8.568075117370892002e+00
8.607198748043819236e+00
8.646322378716744694e+00
8.685446009389671929e+00
8.724569640062599163e+00
8.763693270735524621e+00
8.802816901408451855e+00
8.841940532081377313e+00
8.881064162754304547e+00
8.920187793427230005e+00
8.959311424100157240e+00
8.998435054773082697e+00
9.037558685446009932e+00
9.076682316118937166e+00
9.115805946791862624e+00
9.154929577464789858e+00
9.194053208137715316e+00
9.233176838810642550e+00
9.272300469483568008e+00
9.311424100156495243e+00
9.350547730829422477e+00
9.389671361502347935e+00
9.428794992175275169e+00
9.467918622848200627e+00
9.507042253521127861e+00
9.546165884194053319e+00
9.585289514866980554e+00
9.624413145539906012e+00
9.663536776212833246e+00
9.702660406885760480e+00
9.741784037558685938e+00
9.780907668231613172e+00
9.820031298904538630e+00
9.859154929577465865e+00
9.898278560250391322e+00
9.937402190923318557e+00
9.976525821596244015e+00
1.001564945226917125e+01
1.005477308294209848e+01
1.009389671361502394e+01
1.013302034428795118e+01
1.017214397496087663e+01
1.021126760563380387e+01
1.025039123630672933e+01
1.028951486697965656e+01
1.032863849765258202e+01
1.036776212832550925e+01
1.040688575899843649e+01
1.044600938967136194e+01
1.048513302034428918e+01
1.052425665101721464e+01
1.056338028169014187e+01
1.060250391236306733e+01
1.064162754303599456e+01
1.068075117370892002e+01
1.071987480438184726e+01
1.075899843505477449e+01
1.079812206572769995e+01
1.083724569640062718e+01
1.087636932707355264e+01
1.091549295774647987e+01
1.095461658841940533e+01
1.099374021909233257e+01
1.103286384976525980e+01
1.107198748043818526e+01
1.111111111111111249e+01
1.115023474178403795e+01
1.118935837245696518e+01
1.122848200312989064e+01
1.126760563380281788e+01
1.130672926447574334e+01
1.134585289514867057e+01
1.138497652582159780e+01
1.142410015649452326e+01
1.146322378716745050e+01
1.150234741784037595e+01
1.154147104851330319e+01
1.158059467918622865e+01
1.161971830985915588e+01
1.165884194053208134e+01
1.169796557120500857e+01
1.173708920187793581e+01
1.177621283255086126e+01
1.181533646322378850e+01
1.185446009389671396e+01
1.189358372456964119e+01
1.193270735524256665e+01
1.197183098591549388e+01
1.201095461658841934e+01
1.205007824726134658e+01
1.208920187793427381e+01
1.212832550860719927e+01
1.216744913928012650e+01
1.220657276995305196e+01
1.224569640062597919e+01
1.228482003129890465e+01
1.232394366197183189e+01
1.236306729264475912e+01
1.240219092331768458e+01
1.244131455399061181e+01
1.248043818466353727e+01
1.251956181533646451e+01
1.255868544600938996e+01
1.259780907668231720e+01
1.263693270735524266e+01
1.267605633802816989e+01
1.271517996870109712e+01
1.275430359937402258e+01
1.279342723004694982e+01
1.283255086071987527e+01
1.287167449139280251e+01
1.291079812206572797e+01
1.294992175273865520e+01
1.298904538341158066e+01
1.302816901408450789e+01
1.306729264475743513e+01
1.310641627543036059e+01
1.314553990610328782e+01
1.318466353677621328e+01
1.322378716744914051e+01
1.326291079812206597e+01
1.330203442879499320e+01
1.334115805946791866e+01
1.338028169014084590e+01
1.341940532081377313e+01
1.345852895148669859e+01
1.349765258215962582e+01
1.353677621283255128e+01
1.357589984350547851e+01
1.361502347417840397e+01
1.365414710485133121e+01
1.369327073552425844e+01
1.373239436619718390e+01
1.377151799687011113e+01
1.381064162754303659e+01
1.384976525821596383e+01
1.388888888888888928e+01
1.392801251956181652e+01
1.396713615023474198e+01
1.400625978090766921e+01
1.404538341158059644e+01
1.408450704225352190e+01
1.412363067292644914e+01
1.416275430359937459e+01
1.420187793427230183e+01
1.424100156494522729e+01
1.428012519561815452e+01
1.431924882629107998e+01
1.435837245696400721e+01
1.439749608763693445e+01
1.443661971830985991e+01
1.447574334898278714e+01
1.451486697965571260e+01
1.455399061032863983e+01
1.459311424100156529e+01
1.463223787167449252e+01
1.467136150234741798e+01
1.471048513302034522e+01
1.474960876369327245e+01
1.478873239436619791e+01
1.482785602503912514e+01
1.486697965571205060e+01
1.490610328638497784e+01
1.494522691705790329e+01
1.498435054773083053e+01
1.502347417840375599e+01
1.506259780907668322e+01
1.510172143974961045e+01
1.514084507042253591e+01
1.517996870109546315e+01
1.521909233176838860e+01
1.525821596244131584e+01
1.529733959311424130e+01
1.533646322378716853e+01
1.537558685446009576e+01
1.541471048513302122e+01
1.545383411580594846e+01
1.549295774647887391e+01
1.553208137715180115e+01
1.557120500782472661e+01
1.561032863849765384e+01
1.564945226917057930e+01
1.568857589984350653e+01
1.572769953051643377e+01
1.576682316118935923e+01
1.580594679186228646e+01
1.584507042253521192e+01
1.588419405320813915e+01
1.592331768388106461e+01
1.596244131455399184e+01
1.600156494522691730e+01
1.604068857589984631e+01
1.607981220657277177e+01
1.611893583724569723e+01
1.615805946791862269e+01
1.619718309859155170e+01
1.623630672926447716e+01
1.627543035993740261e+01
1.631455399061032807e+01
1.635367762128325708e+01
1.639280125195618254e+01
1.643192488262910800e+01
1.647104851330203701e+01
1.651017214397496247e+01
1.654929577464788792e+01
1.658841940532081338e+01
1.662754303599374239e+01
1.666666666666666785e+01
1.670579029733959331e+01
1.674491392801252232e+01
1.678403755868544778e+01
1.682316118935837324e+01
1.686228482003129869e+01
1.690140845070422770e+01
1.694053208137715316e+01
1.697965571205007862e+01
1.701877934272300408e+01
1.705790297339593309e+01
1.709702660406885855e+01
1.713615023474178400e+01
1.717527386541471301e+01
1.721439749608763847e+01
1.725352112676056393e+01
1.729264475743348939e+01
1.733176838810641840e+01
1.737089201877934386e+01
1.741001564945226932e+01
1.744913928012519833e+01
1.748826291079812378e+01
1.752738654147104924e+01
1.756651017214397470e+01
1.760563380281690371e+01
1.764475743348982917e+01
1.768388106416275463e+01
1.772300469483568364e+01
1.776212832550860909e+01
1.780125195618153455e+01
1.784037558685446001e+01
1.787949921752738902e+01
1.791862284820031448e+01
1.795774647887323994e+01
1.799687010954616539e+01
1.803599374021909441e+01
1.807511737089201986e+01
1.811424100156494532e+01
1.815336463223787433e+01
1.819248826291079979e+01
1.823161189358372525e+01
1.827073552425665071e+01
1.830985915492957972e+01
1.834898278560250517e+01
1.838810641627543063e+01
1.842723004694835964e+01
1.846635367762128510e+01
1.850547730829421056e+01
1.854460093896713602e+01
1.858372456964006503e+01
1.862284820031299049e+01
1.866197183098591594e+01
1.870109546165884495e+01
1.874021909233177041e+01
1.877934272300469587e+01
1.881846635367762133e+01
1.885758998435055034e+01
1.889671361502347580e+01
1.893583724569640125e+01
1.897496087636932671e+01
1.901408450704225572e+01
1.905320813771518118e+01
1.909233176838810664e+01
1.913145539906103565e+01
1.917057902973396111e+01
1.920970266040688657e+01
1.924882629107981202e+01
1.928794992175274103e+01
1.932707355242566649e+01
1.936619718309859195e+01
1.940532081377152096e+01
1.944444444444444642e+01
1.948356807511737188e+01
1.952269170579029733e+01
1.956181533646322634e+01
1.960093896713615180e+01
1.964006259780907726e+01
1.967918622848200272e+01
1.971830985915493173e+01
1.975743348982785719e+01
1.979655712050078264e+01
1.983568075117371166e+01
1.987480438184663711e+01
1.991392801251956257e+01
1.995305164319248803e+01
1.999217527386541704e+01
2.003129890453834250e+01
2.007042253521126796e+01
2.010954616588419697e+01
2.014866979655712242e+01
2.018779342723004788e+01
2.022691705790297334e+01
2.026604068857590235e+01
2.030516431924882781e+01
2.034428794992175327e+01
2.038341158059468228e+01
2.042253521126760774e+01
2.046165884194053319e+01
2.050078247261345865e+01
2.053990610328638766e+01
2.057902973395931312e+01
2.061815336463223858e+01
2.065727699530516404e+01
2.069640062597809305e+01
2.073552425665101850e+01
2.077464788732394396e+01
2.081377151799687297e+01
2.085289514866979843e+01
2.089201877934272389e+01
2.093114241001564935e+01
2.097026604068857836e+01
2.100938967136150382e+01
2.104851330203442927e+01
2.108763693270735828e+01
2.112676056338028374e+01
2.116588419405320920e+01
2.120500782472613466e+01
2.124413145539906367e+01
2.128325508607198913e+01
2.132237871674491458e+01
2.136150234741784004e+01
2.140062597809076905e+01
2.143974960876369451e+01
2.147887323943661997e+01
2.151799687010954898e+01
2.155712050078247444e+01
2.159624413145539990e+01
2.163536776212832535e+01
2.167449139280125436e+01
2.171361502347417982e+01
2.175273865414710528e+01
2.179186228482003429e+01
2.183098591549295975e+01
2.187010954616588521e+01
2.190923317683881066e+01
2.194835680751173967e+01
2.198748043818466513e+01
2.202660406885759059e+01
2.206572769953051960e+01
2.210485133020344506e+01
2.214397496087637052e+01
2.218309859154929597e+01
2.222222222222222499e+01
2.226134585289515044e+01
2.230046948356807590e+01
2.233959311424100136e+01
2.237871674491393037e+01
2.241784037558685583e+01
2.245696400625978129e+01
2.249608763693271030e+01
2.253521126760563575e+01
2.257433489827856121e+01
2.261345852895148667e+01
2.265258215962441568e+01
2.269170579029734114e+01
2.273082942097026660e+01
2.276995305164319561e+01
2.280907668231612107e+01
2.284820031298904652e+01
2.288732394366197198e+01
2.292644757433490099e+01
2.296557120500782645e+01
2.300469483568075191e+01
2.304381846635368092e+01
2.308294209702660638e+01
2.312206572769953183e+01
2.316118935837245729e+01
2.320031298904538630e+01
2.323943661971831176e+01
2.327856025039123722e+01
2.331768388106416268e+01
2.335680751173709169e+01
2.339593114241001715e+01
2.343505477308294260e+01
2.347417840375587161e+01
2.351330203442879707e+01
2.355242566510172253e+01
2.359154929577464799e+01
2.363067292644757700e+01
2.366979655712050246e+01
2.370892018779342791e+01
2.374804381846635692e+01
2.378716744913928238e+01
2.382629107981220784e+01
2.386541471048513330e+01
2.390453834115806231e+01
2.394366197183098777e+01
2.398278560250391322e+01
2.402190923317683868e+01
2.406103286384976769e+01
2.410015649452269315e+01
2.413928012519561861e+01
2.417840375586854762e+01
2.421752738654147308e+01
2.425665101721439854e+01
2.429577464788732399e+01
2.433489827856025300e+01
2.437402190923317846e+01
2.441314553990610392e+01
2.445226917057903293e+01
2.449139280125195839e+01
2.453051643192488385e+01
2.456964006259780930e+01
2.460876369327073832e+01
2.464788732394366377e+01
2.468701095461658923e+01
2.472613458528951824e+01
2.476525821596244370e+01
2.480438184663536916e+01
2.484350547730829462e+01
2.488262910798122363e+01
2.492175273865414908e+01
2.496087636932707454e+01
2.500000000000000000e+01
