Subject 3 output
---------------------


Taxa 0: NA TAXA_1
-------------------
Data: 1.3926E+08  4.6311E+08  7.3955E+07  3.0600E+07  1.1500E+07  1.5933E+06  5.0668E+06  3.4598E+06  1.4028E+06  4.1994E+06  2.5728E+06  2.7531E+06  1.2176E+06  6.9970E+05  4.2795E+05  1.3502E+06  8.6605E+04  0.0000E+00  0.0000E+00  0.0000E+00  0.0000E+00  1.0409E+05  8.1847E+04  0.0000E+00  9.8246E+04  0.0000E+00  
Learned Values:
	median: 5.8618E+07
	mean: 6.1721E+07
	25th percentile: 4.4072E+07
	75th percentile: 7.5400E+07


Taxa 1: NA TAXA_2
-------------------
Data: 0.0000E+00  0.0000E+00  0.0000E+00  0.0000E+00  0.0000E+00  0.0000E+00  0.0000E+00  0.0000E+00  0.0000E+00  0.0000E+00  0.0000E+00  3.6708E+05  0.0000E+00  0.0000E+00  3.9228E+05  2.8439E+07  2.0811E+08  2.4335E+08  1.8397E+08  1.8189E+08  1.6368E+08  1.2157E+08  4.1005E+07  2.5239E+07  4.7649E+07  2.5418E+07  
Learned Values:
	median: 1.5991E+08
	mean: 1.6786E+08
	25th percentile: 1.1949E+08
	75th percentile: 2.0576E+08


Taxa 2: NA TAXA_3
-------------------
Data: 1.0687E+08  2.4934E+08  9.2194E+07  1.2308E+08  8.0609E+07  2.8737E+07  1.1890E+08  5.2929E+07  4.2085E+07  6.6840E+07  8.3798E+07  1.6684E+08  8.3018E+07  5.1125E+07  3.7945E+07  1.6895E+08  5.3609E+07  5.3005E+06  1.8833E+07  7.5282E+06  2.2769E+07  4.5278E+07  5.9339E+07  2.6673E+07  6.6709E+07  4.4834E+07  
Learned Values:
	median: 2.4571E+08
	mean: 2.5458E+08
	25th percentile: 1.8346E+08
	75th percentile: 3.1089E+08


Taxa 3: NA TAXA_4
-------------------
Data: 1.7135E+07  5.3366E+07  1.1743E+07  6.8253E+06  1.0968E+07  5.1783E+06  3.6819E+07  1.1108E+07  5.0853E+06  3.0562E+07  2.1562E+07  2.8082E+07  1.7046E+07  1.0076E+07  9.0582E+06  2.1519E+07  7.6213E+06  8.5187E+05  1.5171E+07  2.9749E+07  1.9744E+07  1.9672E+07  9.4124E+06  9.6942E+06  9.7263E+06  8.1196E+06  
Learned Values:
	median: 5.2084E+07
	mean: 5.4829E+07
	25th percentile: 3.9583E+07
	75th percentile: 6.6446E+07


Taxa 4: NA TAXA_5
-------------------
Data: 9.4387E+05  4.1306E+07  1.0931E+08  3.0941E+07  3.4288E+07  2.7627E+07  1.4288E+08  6.2762E+07  1.2965E+08  2.2187E+08  1.8793E+08  2.2888E+08  1.1755E+08  6.1527E+07  4.4934E+07  2.1941E+07  2.4250E+06  1.8930E+05  4.0805E+08  3.2821E+08  2.3120E+08  3.0112E+08  1.0051E+08  6.6540E+07  1.2929E+08  1.3291E+08  
Learned Values:
	median: 3.8089E+08
	mean: 4.0197E+08
	25th percentile: 2.8365E+08
	75th percentile: 4.9643E+08


Taxa 5: NA TAXA_6
-------------------
Data: 1.6104E+08  6.4431E+08  5.7602E+08  3.2432E+08  5.1539E+08  1.0934E+08  3.9555E+08  1.8009E+08  1.7980E+08  4.8340E+08  4.8539E+08  6.2221E+08  3.4115E+08  1.6732E+08  1.4133E+08  3.6237E+08  9.9605E+08  1.1068E+09  1.0302E+09  7.2028E+08  6.0044E+08  3.8033E+08  2.0445E+08  1.3646E+08  3.3993E+08  2.8260E+08  
Learned Values:
	median: 1.4168E+09
	mean: 1.5080E+09
	25th percentile: 1.0738E+09
	75th percentile: 1.8616E+09


Taxa 6: NA TAXA_7
-------------------
Data: 6.6122E+08  3.1408E+09  2.1175E+09  1.4924E+09  1.8570E+09  4.1893E+08  1.6690E+09  1.0739E+09  1.2313E+09  1.7983E+09  1.8332E+09  2.2361E+09  1.1307E+09  7.0465E+08  5.6888E+08  7.1267E+08  1.3969E+08  2.0076E+08  2.0969E+09  1.5529E+09  1.8727E+09  2.0182E+09  1.0585E+09  7.9744E+08  1.5892E+09  1.5049E+09  
Learned Values:
	median: 3.9855E+09
	mean: 4.1783E+09
	25th percentile: 3.0579E+09
	75th percentile: 5.1114E+09


Taxa 7: NA TAXA_8
-------------------
Data: 9.4968E+07  9.5395E+08  2.1857E+09  1.5504E+09  1.4128E+09  4.1572E+08  2.1469E+09  8.3333E+08  1.3176E+09  2.3814E+09  2.2040E+09  3.3845E+09  1.5641E+09  1.0069E+09  7.0372E+08  1.4808E+09  2.3972E+08  3.7861E+06  2.6157E+06  3.1570E+06  1.0847E+09  5.4125E+06  6.1385E+06  1.0298E+09  2.6670E+09  1.6237E+09  
Learned Values:
	median: 3.5686E+09
	mean: 3.7412E+09
	25th percentile: 2.6952E+09
	75th percentile: 4.5711E+09


Taxa 8: NA TAXA_9
-------------------
Data: 3.5577E+06  1.1156E+07  2.7608E+07  8.0994E+07  6.6127E+07  1.9035E+07  1.0370E+08  6.4766E+07  6.7161E+07  1.0219E+08  1.4113E+08  2.5310E+08  1.4799E+08  7.9719E+07  5.8486E+07  7.6120E+07  3.4815E+07  6.6257E+05  0.0000E+00  1.0928E+06  2.9775E+07  7.4318E+07  8.1192E+07  5.5870E+07  1.4501E+08  4.3775E+07  
Learned Values:
	median: 2.4947E+08
	mean: 2.6296E+08
	25th percentile: 1.8917E+08
	75th percentile: 3.2101E+08


Taxa 9: NA TAXA_10
-------------------
Data: 3.0160E+08  1.0471E+09  3.7952E+08  3.1556E+08  3.9506E+08  1.4041E+08  5.4429E+08  3.3609E+08  6.6097E+08  7.7840E+08  7.1278E+08  9.6855E+08  3.5188E+08  1.8705E+08  1.3473E+08  1.0634E+09  1.3245E+09  1.8074E+09  4.4096E+09  1.8978E+09  4.6797E+08  1.0540E+09  2.8425E+08  1.9233E+08  4.9103E+08  4.8258E+08  
Learned Values:
	median: 2.3134E+09
	mean: 2.4312E+09
	25th percentile: 1.7355E+09
	75th percentile: 2.9810E+09


Taxa 10: NA TAXA_11
-------------------
Data: 2.1299E+09  3.2436E+09  6.3686E+08  3.3467E+08  1.7932E+08  3.1696E+07  1.4896E+08  8.3218E+07  7.3240E+07  2.2583E+08  3.1302E+08  6.0257E+08  3.6428E+08  1.8547E+08  1.4532E+08  1.1739E+08  4.9711E+07  6.3417E+06  8.7017E+07  6.4330E+08  1.1748E+09  6.4388E+08  3.2084E+08  1.9819E+08  3.8660E+08  4.1480E+08  
Learned Values:
	median: 1.3663E+09
	mean: 1.4530E+09
	25th percentile: 1.0475E+09
	75th percentile: 1.7489E+09


Taxa 11: NA TAXA_12
-------------------
Data: 9.4997E+08  1.8892E+09  5.3180E+08  2.1796E+08  9.2216E+07  1.9461E+07  9.6382E+07  3.4720E+07  1.0574E+08  1.6751E+08  1.0218E+08  1.8483E+08  9.6411E+07  5.2711E+07  4.1154E+07  6.1183E+07  5.6900E+07  1.6753E+07  2.0420E+08  2.3252E+08  1.3025E+08  1.2168E+08  5.9093E+07  5.3060E+07  1.1033E+08  4.1304E+07  
Learned Values:
	median: 5.6380E+08
	mean: 6.0010E+08
	25th percentile: 4.2872E+08
	75th percentile: 7.2957E+08


Taxa 12: NA TAXA_13
-------------------
Data: 2.9042E+05  6.0300E+05  7.9701E+07  5.2782E+07  4.4937E+07  1.5051E+07  1.6112E+08  4.9227E+07  7.5228E+07  2.1557E+08  1.4934E+08  2.1328E+08  1.3626E+08  8.1259E+07  6.7259E+07  5.4094E+07  5.0837E+07  3.5021E+06  6.0859E+07  3.6184E+07  2.3183E+08  2.5033E+08  1.0395E+08  8.0192E+07  1.9797E+08  1.1085E+08  
Learned Values:
	median: 3.2794E+08
	mean: 3.4979E+08
	25th percentile: 2.4886E+08
	75th percentile: 4.2759E+08


Taxa 13: NA TAXA_14
-------------------
Data: 2.0206E+08  4.9175E+08  1.4541E+08  1.2524E+08  1.0446E+08  3.0672E+07  1.9153E+08  1.0464E+08  2.2469E+08  3.0516E+08  2.4649E+08  2.4980E+08  7.1617E+07  3.9930E+07  2.5748E+07  1.4787E+09  3.7777E+08  1.1999E+09  1.1187E+09  1.8420E+08  1.9649E+08  2.2368E+08  9.9280E+07  8.2257E+07  2.4326E+08  1.0679E+08  
Learned Values:
	median: 9.1089E+08
	mean: 9.5302E+08
	25th percentile: 6.8191E+08
	75th percentile: 1.1711E+09
