0.000000000000000000e+00
6.132665832290362662e-02
1.226533166458072532e-01
1.839799749687108799e-01
2.453066332916145065e-01
3.066332916145181331e-01
3.679599499374217597e-01
4.292866082603253863e-01
4.906132665832290130e-01
5.519399249061326396e-01
6.132665832290362662e-01
6.745932415519398928e-01
7.359198998748435194e-01
7.972465581977471460e-01
8.585732165206507727e-01
9.198998748435543993e-01
9.812265331664580259e-01
1.042553191489361541e+00
1.103879849812265279e+00
1.165206508135169017e+00
1.226533166458072532e+00
1.287859824780976048e+00
1.349186483103879786e+00
1.410513141426783523e+00
1.471839799749687039e+00
1.533166458072590554e+00
1.594493116395494292e+00
1.655819774718398030e+00
1.717146433041301545e+00
1.778473091364205061e+00
1.839799749687108799e+00
1.901126408010012536e+00
1.962453066332916052e+00
2.023779724655819567e+00
2.085106382978723083e+00
2.146433041301627043e+00
2.207759699624530558e+00
2.269086357947434074e+00
2.330413016270338034e+00
2.391739674593241549e+00
2.453066332916145065e+00
2.514392991239048580e+00
2.575719649561952096e+00
2.637046307884856056e+00
2.698372966207759571e+00
2.759699624530663087e+00
2.821026282853567047e+00
2.882352941176470562e+00
2.943679599499374078e+00
3.005006257822277593e+00
3.066332916145181109e+00
3.127659574468085069e+00
3.188986232790988584e+00
3.250312891113892100e+00
3.311639549436796059e+00
3.372966207759699575e+00
3.434292866082603091e+00
3.495619524405506606e+00
3.556946182728410122e+00
3.618272841051314082e+00
3.679599499374217597e+00
3.740926157697121113e+00
3.802252816020025072e+00
3.863579474342928588e+00
3.924906132665832104e+00
3.986232790988735619e+00
4.047559449311639135e+00
4.108886107634543094e+00
4.170212765957446166e+00
4.231539424280350126e+00
4.292866082603254085e+00
4.354192740926157157e+00
4.415519399249061117e+00
4.476846057571965076e+00
4.538172715894868148e+00
4.599499374217772107e+00
4.660826032540676067e+00
4.722152690863579139e+00
4.783479349186483098e+00
4.844806007509386170e+00
4.906132665832290130e+00
4.967459324155194089e+00
5.028785982478097161e+00
5.090112640801001120e+00
5.151439299123904192e+00
5.212765957446808152e+00
5.274092615769712111e+00
5.335419274092615183e+00
5.396745932415519142e+00
5.458072590738423102e+00
5.519399249061326174e+00
5.580725907384230133e+00
5.642052565707134093e+00
5.703379224030037165e+00
5.764705882352941124e+00
5.826032540675844196e+00
5.887359198998748155e+00
5.948685857321652115e+00
6.010012515644555187e+00
6.071339173967459146e+00
6.132665832290362218e+00
6.193992490613266177e+00
6.255319148936170137e+00
6.316645807259073209e+00
6.377972465581977168e+00
6.439299123904881128e+00
6.500625782227784200e+00
6.561952440550688159e+00
6.623279098873592119e+00
6.684605757196495190e+00
6.745932415519399150e+00
6.807259073842302222e+00
6.868585732165206181e+00
6.929912390488110141e+00
6.991239048811013213e+00
7.052565707133917172e+00
7.113892365456820244e+00
7.175219023779724203e+00
7.236545682102628163e+00
7.297872340425531235e+00
7.359198998748435194e+00
7.420525657071339154e+00
7.481852315394242225e+00
7.543178973717146185e+00
7.604505632040050145e+00
7.665832290362953216e+00
7.727158948685857176e+00
7.788485607008760248e+00
7.849812265331664207e+00
7.911138923654568167e+00
7.972465581977471238e+00
8.033792240300375198e+00
8.095118898623278270e+00
8.156445556946183117e+00
8.217772215269086189e+00
8.279098873591989260e+00
8.340425531914892332e+00
8.401752190237797180e+00
8.463078848560700251e+00
8.524405506883603323e+00
8.585732165206508171e+00
8.647058823529411242e+00
8.708385481852314314e+00
8.769712140175219162e+00
8.831038798498122233e+00
8.892365456821025305e+00
8.953692115143930152e+00
9.015018773466833224e+00
9.076345431789736296e+00
9.137672090112641143e+00
9.198998748435544215e+00
9.260325406758447286e+00
9.321652065081352134e+00
9.382978723404255206e+00
9.444305381727158277e+00
9.505632040050061349e+00
9.566958698372966197e+00
9.628285356695869268e+00
9.689612015018772340e+00
9.750938673341677188e+00
9.812265331664580259e+00
9.873591989987483331e+00
9.934918648310388178e+00
9.996245306633291250e+00
1.005757196495619432e+01
1.011889862327909917e+01
1.018022528160200224e+01
1.024155193992490531e+01
1.030287859824780838e+01
1.036420525657071323e+01
1.042553191489361630e+01
1.048685857321651937e+01
1.054818523153942422e+01
1.060951188986232729e+01
1.067083854818523037e+01
1.073216520650813521e+01
1.079349186483103828e+01
1.085481852315394136e+01
1.091614518147684620e+01
1.097747183979974928e+01
1.103879849812265235e+01
1.110012515644555720e+01
1.116145181476846027e+01
1.122277847309136334e+01
1.128410513141426819e+01
1.134543178973717126e+01
1.140675844806007433e+01
1.146808510638297740e+01
1.152941176470588225e+01
1.159073842302878532e+01
1.165206508135168839e+01
1.171339173967459324e+01
1.177471839799749631e+01
1.183604505632039938e+01
1.189737171464330423e+01
1.195869837296620730e+01
1.202002503128911037e+01
1.208135168961201522e+01
1.214267834793491829e+01
1.220400500625782136e+01
1.226533166458072444e+01
1.232665832290362928e+01
1.238798498122653235e+01
1.244931163954943543e+01
1.251063829787234027e+01
1.257196495619524335e+01
1.263329161451814642e+01
1.269461827284105127e+01
1.275594493116395434e+01
1.281727158948685741e+01
1.287859824780976226e+01
1.293992490613266533e+01
1.300125156445556840e+01
1.306257822277847325e+01
1.312390488110137632e+01
1.318523153942427939e+01
1.324655819774718424e+01
1.330788485607008731e+01
1.336921151439299038e+01
1.343053817271589345e+01
1.349186483103879830e+01
1.355319148936170137e+01
1.361451814768460444e+01
1.367584480600750929e+01
1.373717146433041236e+01
1.379849812265331543e+01
1.385982478097622028e+01
1.392115143929912335e+01
1.398247809762202643e+01
1.404380475594493127e+01
1.410513141426783434e+01
1.416645807259073742e+01
1.422778473091364049e+01
1.428911138923654534e+01
1.435043804755944841e+01
1.441176470588235148e+01
1.447309136420525633e+01
1.453441802252815940e+01
1.459574468085106247e+01
1.465707133917396732e+01
1.471839799749687039e+01
1.477972465581977346e+01
1.484105131414267831e+01
1.490237797246558138e+01
1.496370463078848445e+01
1.502503128911138930e+01
1.508635794743429237e+01
1.514768460575719544e+01
1.520901126408010029e+01
1.527033792240300336e+01
1.533166458072590643e+01
1.539299123904880950e+01
1.545431789737171435e+01
1.551564455569461742e+01
1.557697121401752050e+01
1.563829787234042534e+01
1.569962453066332841e+01
1.576095118898623149e+01
1.582227784730913633e+01
1.588360450563203941e+01
1.594493116395494248e+01
1.600625782227784555e+01
1.606758448060075040e+01
1.612891113892365524e+01
1.619023779724655654e+01
1.625156445556946139e+01
1.631289111389236623e+01
1.637421777221526753e+01
1.643554443053817238e+01
1.649687108886107723e+01
1.655819774718397852e+01
1.661952440550688337e+01
1.668085106382978466e+01
1.674217772215268951e+01
1.680350438047559436e+01
1.686483103879849565e+01
1.692615769712140050e+01
1.698748435544430535e+01
1.704881101376720665e+01
1.711013767209011149e+01
1.717146433041301634e+01
1.723279098873591764e+01
1.729411764705882248e+01
1.735544430538172733e+01
1.741677096370462863e+01
1.747809762202753348e+01
1.753942428035043832e+01
1.760075093867333962e+01
1.766207759699624447e+01
1.772340425531914931e+01
1.778473091364205061e+01
1.784605757196495546e+01
1.790738423028786030e+01
1.796871088861076160e+01
1.803003754693366645e+01
1.809136420525657130e+01
1.815269086357947259e+01
1.821401752190237744e+01
1.827534418022528229e+01
1.833667083854818358e+01
1.839799749687108843e+01
1.845932415519399328e+01
1.852065081351689457e+01
1.858197747183979942e+01
1.864330413016270427e+01
1.870463078848560556e+01
1.876595744680851041e+01
1.882728410513141171e+01
1.888861076345431655e+01
1.894993742177722140e+01
1.901126408010012270e+01
1.907259073842302755e+01
1.913391739674593239e+01
1.919524405506883369e+01
1.925657071339173854e+01
1.931789737171464338e+01
1.937922403003754468e+01
1.944055068836044953e+01
1.950187734668335438e+01
1.956320400500625567e+01
1.962453066332916052e+01
1.968585732165206537e+01
1.974718397997496666e+01
1.980851063829787151e+01
1.986983729662077636e+01
1.993116395494367765e+01
1.999249061326658250e+01
2.005381727158948735e+01
2.011514392991238864e+01
2.017647058823529349e+01
2.023779724655819834e+01
2.029912390488109963e+01
2.036045056320400448e+01
2.042177722152690933e+01
2.048310387984981062e+01
2.054443053817271547e+01
2.060575719649561677e+01
2.066708385481852162e+01
2.072841051314142646e+01
2.078973717146432776e+01
2.085106382978723261e+01
2.091239048811013745e+01
2.097371714643303875e+01
2.103504380475594360e+01
2.109637046307884845e+01
2.115769712140174974e+01
2.121902377972465459e+01
2.128035043804755944e+01
2.134167709637046073e+01
2.140300375469336558e+01
2.146433041301627043e+01
2.152565707133917172e+01
2.158698372966207657e+01
2.164831038798498142e+01
2.170963704630788271e+01
2.177096370463078756e+01
2.183229036295369241e+01
2.189361702127659370e+01
2.195494367959949855e+01
2.201627033792240340e+01
2.207759699624530469e+01
2.213892365456820954e+01
2.220025031289111439e+01
2.226157697121401569e+01
2.232290362953692053e+01
2.238423028785982538e+01
2.244555694618272668e+01
2.250688360450563152e+01
2.256821026282853637e+01
2.262953692115143767e+01
2.269086357947434252e+01
2.275219023779724381e+01
2.281351689612014866e+01
2.287484355444305351e+01
2.293617021276595480e+01
2.299749687108885965e+01
2.305882352941176450e+01
2.312015018773466579e+01
2.318147684605757064e+01
2.324280350438047549e+01
2.330413016270337678e+01
2.336545682102628163e+01
2.342678347934918648e+01
2.348811013767208777e+01
2.354943679599499262e+01
2.361076345431789747e+01
2.367209011264079876e+01
2.373341677096370361e+01
2.379474342928660846e+01
2.385607008760950976e+01
2.391739674593241460e+01
2.397872340425531945e+01
2.404005006257822075e+01
2.410137672090112559e+01
2.416270337922403044e+01
2.422403003754693174e+01
2.428535669586983659e+01
2.434668335419274143e+01
2.440801001251564273e+01
2.446933667083854758e+01
2.453066332916144887e+01
2.459198998748435372e+01
2.465331664580725857e+01
2.471464330413015986e+01
2.477596996245306471e+01
2.483729662077596956e+01
2.489862327909887085e+01
2.495994993742177570e+01
2.502127659574468055e+01
2.508260325406758184e+01
2.514392991239048669e+01
2.520525657071339154e+01
2.526658322903629283e+01
2.532790988735919768e+01
2.538923654568210253e+01
2.545056320400500383e+01
2.551188986232790867e+01
2.557321652065081352e+01
2.563454317897371482e+01
2.569586983729661966e+01
2.575719649561952451e+01
2.581852315394242581e+01
2.587984981226533066e+01
2.594117647058823550e+01
2.600250312891113680e+01
2.606382978723404165e+01
2.612515644555694649e+01
2.618648310387984779e+01
2.624780976220275264e+01
2.630913642052565748e+01
2.637046307884855878e+01
2.643178973717146363e+01
2.649311639549436848e+01
2.655444305381726977e+01
2.661576971214017462e+01
2.667709637046307591e+01
2.673842302878598076e+01
2.679974968710888561e+01
2.686107634543178690e+01
2.692240300375469175e+01
2.698372966207759660e+01
2.704505632040049790e+01
2.710638297872340274e+01
2.716770963704630759e+01
2.722903629536920889e+01
2.729036295369211373e+01
2.735168961201501858e+01
2.741301627033791988e+01
2.747434292866082473e+01
2.753566958698372957e+01
2.759699624530663087e+01
2.765832290362953572e+01
2.771964956195244056e+01
2.778097622027534186e+01
2.784230287859824671e+01
2.790362953692115155e+01
2.796495619524405285e+01
2.802628285356695770e+01
2.808760951188986255e+01
2.814893617021276384e+01
2.821026282853566869e+01
2.827158948685857354e+01
2.833291614518147483e+01
2.839424280350437968e+01
2.845556946182728097e+01
2.851689612015018582e+01
2.857822277847309067e+01
2.863954943679599197e+01
2.870087609511889681e+01
2.876220275344180166e+01
2.882352941176470296e+01
2.888485607008760780e+01
2.894618272841051265e+01
2.900750938673341395e+01
2.906883604505631880e+01
2.913016270337922364e+01
2.919148936170212494e+01
2.925281602002502979e+01
2.931414267834793463e+01
2.937546933667083593e+01
2.943679599499374078e+01
2.949812265331664562e+01
2.955944931163954692e+01
2.962077596996245177e+01
2.968210262828535662e+01
2.974342928660825791e+01
2.980475594493116276e+01
2.986608260325406761e+01
2.992740926157696890e+01
2.998873591989987375e+01
3.005006257822277860e+01
3.011138923654567989e+01
3.017271589486858474e+01
3.023404255319148959e+01
3.029536921151439088e+01
3.035669586983729573e+01
3.041802252816020058e+01
3.047934918648310187e+01
3.054067584480600672e+01
3.060200250312890802e+01
3.066332916145181287e+01
3.072465581977471771e+01
3.078598247809761901e+01
3.084730913642052386e+01
3.090863579474342870e+01
3.096996245306633000e+01
3.103128911138923485e+01
3.109261576971213970e+01
3.115394242803504099e+01
3.121526908635794584e+01
3.127659574468085069e+01
3.133792240300375198e+01
3.139924906132665683e+01
3.146057571964956168e+01
3.152190237797246297e+01
3.158322903629536782e+01
3.164455569461827267e+01
3.170588235294117396e+01
3.176720901126407881e+01
3.182853566958698366e+01
3.188986232790988495e+01
3.195118898623278980e+01
3.201251564455569110e+01
3.207384230287859594e+01
3.213516896120150079e+01
3.219649561952440564e+01
3.225782227784731049e+01
3.231914893617020823e+01
3.238047559449311308e+01
3.244180225281601793e+01
3.250312891113892277e+01
3.256445556946182762e+01
3.262578222778473247e+01
3.268710888610763021e+01
3.274843554443053506e+01
3.280976220275343991e+01
3.287108886107634476e+01
3.293241551939924960e+01
3.299374217772215445e+01
3.305506883604505219e+01
3.311639549436795704e+01
3.317772215269086189e+01
3.323904881101376674e+01
3.330037546933667159e+01
3.336170212765956933e+01
3.342302878598247418e+01
3.348435544430537902e+01
3.354568210262828387e+01
3.360700876095118872e+01
3.366833541927409357e+01
3.372966207759699131e+01
3.379098873591989616e+01
3.385231539424280101e+01
3.391364205256570585e+01
3.397496871088861070e+01
3.403629536921151555e+01
3.409762202753441329e+01
3.415894868585731814e+01
3.422027534418022299e+01
3.428160200250312784e+01
3.434292866082603268e+01
3.440425531914893753e+01
3.446558197747183527e+01
3.452690863579474012e+01
3.458823529411764497e+01
3.464956195244054982e+01
3.471088861076345466e+01
3.477221526908635951e+01
3.483354192740925726e+01
3.489486858573216210e+01
3.495619524405506695e+01
3.501752190237797180e+01
3.507884856070087665e+01
3.514017521902378149e+01
3.520150187734667924e+01
3.526282853566958408e+01
3.532415519399248893e+01
3.538548185231539378e+01
3.544680851063829863e+01
3.550813516896119637e+01
3.556946182728410122e+01
3.563078848560700607e+01
3.569211514392991091e+01
3.575344180225281576e+01
3.581476846057572061e+01
3.587609511889861835e+01
3.593742177722152320e+01
3.599874843554442805e+01
3.606007509386733290e+01
3.612140175219023774e+01
3.618272841051314259e+01
3.624405506883604033e+01
3.630538172715894518e+01
3.636670838548185003e+01
3.642803504380475488e+01
3.648936170212765973e+01
3.655068836045056457e+01
3.661201501877346232e+01
3.667334167709636716e+01
3.673466833541927201e+01
3.679599499374217686e+01
3.685732165206508171e+01
3.691864831038798656e+01
3.697997496871088430e+01
3.704130162703378915e+01
3.710262828535669399e+01
3.716395494367959884e+01
3.722528160200250369e+01
3.728660826032540854e+01
3.734793491864830628e+01
3.740926157697121113e+01
3.747058823529411598e+01
3.753191489361702082e+01
3.759324155193992567e+01
3.765456821026282341e+01
3.771589486858572826e+01
3.777722152690863311e+01
3.783854818523153796e+01
3.789987484355444280e+01
3.796120150187734765e+01
3.802252816020024540e+01
3.808385481852315024e+01
3.814518147684605509e+01
3.820650813516895994e+01
3.826783479349186479e+01
3.832916145181476963e+01
3.839048811013766738e+01
3.845181476846057222e+01
3.851314142678347707e+01
3.857446808510638192e+01
3.863579474342928677e+01
3.869712140175219162e+01
3.875844806007508936e+01
3.881977471839799421e+01
3.888110137672089905e+01
3.894242803504380390e+01
3.900375469336670875e+01
3.906508135168961360e+01
3.912640801001251134e+01
3.918773466833541619e+01
3.924906132665832104e+01
3.931038798498122588e+01
3.937171464330413073e+01
3.943304130162702847e+01
3.949436795994993332e+01
3.955569461827283817e+01
3.961702127659574302e+01
3.967834793491864787e+01
3.973967459324155271e+01
3.980100125156445046e+01
3.986232790988735530e+01
3.992365456821026015e+01
3.998498122653316500e+01
4.004630788485606985e+01
4.010763454317897470e+01
4.016896120150187244e+01
4.023028785982477729e+01
4.029161451814768213e+01
4.035294117647058698e+01
4.041426783479349183e+01
4.047559449311639668e+01
4.053692115143929442e+01
4.059824780976219927e+01
4.065957446808510412e+01
4.072090112640800896e+01
4.078222778473091381e+01
4.084355444305381866e+01
4.090488110137671640e+01
4.096620775969962125e+01
4.102753441802252610e+01
4.108886107634543094e+01
4.115018773466833579e+01
4.121151439299123354e+01
4.127284105131413838e+01
4.133416770963704323e+01
4.139549436795994808e+01
4.145682102628285293e+01
4.151814768460575777e+01
4.157947434292865552e+01
4.164080100125156036e+01
4.170212765957446521e+01
4.176345431789737006e+01
4.182478097622027491e+01
4.188610763454317976e+01
4.194743429286607750e+01
4.200876095118898235e+01
4.207008760951188719e+01
4.213141426783479204e+01
4.219274092615769689e+01
4.225406758448060174e+01
4.231539424280349948e+01
4.237672090112640433e+01
4.243804755944930918e+01
4.249937421777221402e+01
4.256070087609511887e+01
4.262202753441802372e+01
4.268335419274092146e+01
4.274468085106382631e+01
4.280600750938673116e+01
4.286733416770963601e+01
4.292866082603254085e+01
4.298998748435544570e+01
4.305131414267834344e+01
4.311264080100124829e+01
4.317396745932415314e+01
4.323529411764705799e+01
4.329662077596996284e+01
4.335794743429286058e+01
4.341927409261576543e+01
4.348060075093867027e+01
4.354192740926157512e+01
4.360325406758447997e+01
4.366458072590738482e+01
4.372590738423028256e+01
4.378723404255318741e+01
4.384856070087609226e+01
4.390988735919899710e+01
4.397121401752190195e+01
4.403254067584480680e+01
4.409386733416770454e+01
4.415519399249060939e+01
4.421652065081351424e+01
4.427784730913641909e+01
4.433917396745932393e+01
4.440050062578222878e+01
4.446182728410512652e+01
4.452315394242803137e+01
4.458448060075093622e+01
4.464580725907384107e+01
4.470713391739674591e+01
4.476846057571965076e+01
4.482978723404254850e+01
4.489111389236545335e+01
4.495244055068835820e+01
4.501376720901126305e+01
4.507509386733416790e+01
4.513642052565707274e+01
4.519774718397997049e+01
4.525907384230287533e+01
4.532040050062578018e+01
4.538172715894868503e+01
4.544305381727158988e+01
4.550438047559448762e+01
4.556570713391739247e+01
4.562703379224029732e+01
4.568836045056320216e+01
4.574968710888610701e+01
4.581101376720901186e+01
4.587234042553190960e+01
4.593366708385481445e+01
4.599499374217771930e+01
4.605632040050062415e+01
4.611764705882352899e+01
4.617897371714643384e+01
4.624030037546933158e+01
4.630162703379223643e+01
4.636295369211514128e+01
4.642428035043804613e+01
4.648560700876095098e+01
4.654693366708385582e+01
4.660826032540675357e+01
4.666958698372965841e+01
4.673091364205256326e+01
4.679224030037546811e+01
4.685356695869837296e+01
4.691489361702127781e+01
4.697622027534417555e+01
4.703754693366708040e+01
4.709887359198998524e+01
4.716020025031289009e+01
4.722152690863579494e+01
4.728285356695869268e+01
4.734418022528159753e+01
4.740550688360450238e+01
4.746683354192740723e+01
4.752816020025031207e+01
4.758948685857321692e+01
4.765081351689611466e+01
4.771214017521901951e+01
4.777346683354192436e+01
4.783479349186482921e+01
4.789612015018773405e+01
4.795744680851063890e+01
4.801877346683353665e+01
4.808010012515644149e+01
4.814142678347934634e+01
4.820275344180225119e+01
4.826408010012515604e+01
4.832540675844806088e+01
4.838673341677095863e+01
4.844806007509386347e+01
4.850938673341676832e+01
4.857071339173967317e+01
4.863204005006257802e+01
4.869336670838548287e+01
4.875469336670838061e+01
4.881602002503128546e+01
4.887734668335419030e+01
4.893867334167709515e+01
4.900000000000000000e+01
