0.000000000000000000e+00
3.064415259537210667e-02
6.128830519074421335e-02
9.193245778611632002e-02
1.225766103814884267e-01
1.532207629768605472e-01
1.838649155722326400e-01
2.145090681676047328e-01
2.451532207629768534e-01
2.757973733583489739e-01
3.064415259537210945e-01
3.370856785490931595e-01
3.677298311444652801e-01
3.983739837398374006e-01
4.290181363352094657e-01
4.596622889305815862e-01
4.903064415259537068e-01
5.209505941213258273e-01
5.515947467166979479e-01
5.822388993120700684e-01
6.128830519074421890e-01
6.435272045028141985e-01
6.741713570981863191e-01
7.048155096935584396e-01
7.354596622889305602e-01
7.661038148843026807e-01
7.967479674796748013e-01
8.273921200750469218e-01
8.580362726704189313e-01
8.886804252657910519e-01
9.193245778611631724e-01
9.499687304565352930e-01
9.806128830519074135e-01
1.011257035647279423e+00
1.041901188242651655e+00
1.072545340838023664e+00
1.103189493433395896e+00
1.133833646028767905e+00
1.164477798624140137e+00
1.195121951219512146e+00
1.225766103814884378e+00
1.256410256410256387e+00
1.287054409005628397e+00
1.317698561601000629e+00
1.348342714196372638e+00
1.378986866791744870e+00
1.409631019387116879e+00
1.440275171982489111e+00
1.470919324577861120e+00
1.501563477173233130e+00
1.532207629768605361e+00
1.562851782363977371e+00
1.593495934959349603e+00
1.624140087554721612e+00
1.654784240150093844e+00
1.685428392745465853e+00
1.716072545340837863e+00
1.746716697936210094e+00
1.777360850531582104e+00
1.808005003126954335e+00
1.838649155722326345e+00
1.869293308317698576e+00
1.899937460913070586e+00
1.930581613508442818e+00
1.961225766103814827e+00
1.991869918699186837e+00
2.022514071294558846e+00
2.053158223889931300e+00
2.083802376485303309e+00
2.114446529080675319e+00
2.145090681676047328e+00
2.175734834271419782e+00
2.206378986866791791e+00
2.237023139462163801e+00
2.267667292057535811e+00
2.298311444652907820e+00
2.328955597248280274e+00
2.359599749843652283e+00
2.390243902439024293e+00
2.420888055034396302e+00
2.451532207629768756e+00
2.482176360225140765e+00
2.512820512820512775e+00
2.543464665415884784e+00
2.574108818011256794e+00
2.604752970606629248e+00
2.635397123202001257e+00
2.666041275797373267e+00
2.696685428392745276e+00
2.727329580988117286e+00
2.757973733583489739e+00
2.788617886178861749e+00
2.819262038774233758e+00
2.849906191369605768e+00
2.880550343964978222e+00
2.911194496560350231e+00
2.941838649155722241e+00
2.972482801751094250e+00
3.003126954346466260e+00
3.033771106941838713e+00
3.064415259537210723e+00
3.095059412132582732e+00
3.125703564727954742e+00
3.156347717323327196e+00
3.186991869918699205e+00
3.217636022514071215e+00
3.248280175109443224e+00
3.278924327704815234e+00
3.309568480300187687e+00
3.340212632895559697e+00
3.370856785490931706e+00
3.401500938086303716e+00
3.432145090681675725e+00
3.462789243277048179e+00
3.493433395872420189e+00
3.524077548467792198e+00
3.554721701063164208e+00
3.585365853658536661e+00
3.616010006253908671e+00
3.646654158849280680e+00
3.677298311444652690e+00
3.707942464040024699e+00
3.738586616635397153e+00
3.769230769230769162e+00
3.799874921826141172e+00
3.830519074421513182e+00
3.861163227016885635e+00
3.891807379612257645e+00
3.922451532207629654e+00
3.953095684803001664e+00
3.983739837398373673e+00
4.014383989993746127e+00
4.045028142589117692e+00
4.075672295184490146e+00
4.106316447779862600e+00
4.136960600375234165e+00
4.167604752970606619e+00
4.198248905565978184e+00
4.228893058161350638e+00
4.259537210756723091e+00
4.290181363352094657e+00
4.320825515947467110e+00
4.351469668542839564e+00
4.382113821138211129e+00
4.412757973733583583e+00
4.443402126328955148e+00
4.474046278924327602e+00
4.504690431519700056e+00
4.535334584115071621e+00
4.565978736710444075e+00
4.596622889305815640e+00
4.627267041901188094e+00
4.657911194496560547e+00
4.688555347091932113e+00
4.719199499687304566e+00
4.749843652282676132e+00
4.780487804878048586e+00
4.811131957473421039e+00
4.841776110068792605e+00
4.872420262664165058e+00
4.903064415259537512e+00
4.933708567854909077e+00
4.964352720450281531e+00
4.994996873045653096e+00
5.025641025641025550e+00
5.056285178236398004e+00
5.086929330831769569e+00
5.117573483427142023e+00
5.148217636022513588e+00
5.178861788617886042e+00
5.209505941213258495e+00
5.240150093808630061e+00
5.270794246404002514e+00
5.301438398999374080e+00
5.332082551594746533e+00
5.362726704190118987e+00
5.393370856785490552e+00
5.424015009380863006e+00
5.454659161976234572e+00
5.485303314571607025e+00
5.515947467166979479e+00
5.546591619762351044e+00
5.577235772357723498e+00
5.607879924953095951e+00
5.638524077548467517e+00
5.669168230143839970e+00
5.699812382739211536e+00
5.730456535334583990e+00
5.761100687929956443e+00
5.791744840525328009e+00
5.822388993120700462e+00
5.853033145716072028e+00
5.883677298311444481e+00
5.914321450906816935e+00
5.944965603502188500e+00
5.975609756097560954e+00
6.006253908692932519e+00
6.036898061288304973e+00
6.067542213883677427e+00
6.098186366479048992e+00
6.128830519074421446e+00
6.159474671669793011e+00
6.190118824265165465e+00
6.220762976860537918e+00
6.251407129455909484e+00
6.282051282051281937e+00
6.312695434646654391e+00
6.343339587242025956e+00
6.373983739837398410e+00
6.404627892432769976e+00
6.435272045028142429e+00
6.465916197623514883e+00
6.496560350218886448e+00
6.527204502814258902e+00
6.557848655409630467e+00
6.588492808005002921e+00
6.619136960600375374e+00
6.649781113195746940e+00
6.680425265791119394e+00
6.711069418386490959e+00
6.741713570981863413e+00
6.772357723577235866e+00
6.803001876172607432e+00
6.833646028767979885e+00
6.864290181363351451e+00
6.894934333958723904e+00
6.925578486554096358e+00
6.956222639149467923e+00
6.986866791744840377e+00
7.017510944340212831e+00
7.048155096935584396e+00
7.078799249530956850e+00
7.109443402126328415e+00
7.140087554721700869e+00
7.170731707317073322e+00
7.201375859912444888e+00
7.232020012507817341e+00
7.262664165103188907e+00
7.293308317698561360e+00
7.323952470293933814e+00
7.354596622889305380e+00
7.385240775484677833e+00
7.415884928080049399e+00
7.446529080675421852e+00
7.477173233270794306e+00
7.507817385866165871e+00
7.538461538461538325e+00
7.569105691056910779e+00
7.599749843652282344e+00
7.630393996247654798e+00
7.661038148843026363e+00
7.691682301438398817e+00
7.722326454033771270e+00
7.752970606629142836e+00
7.783614759224515289e+00
7.814258911819886855e+00
7.844903064415259308e+00
7.875547217010631762e+00
7.906191369606003327e+00
7.936835522201375781e+00
7.967479674796747346e+00
7.998123827392119800e+00
8.028767979987492254e+00
8.059412132582863819e+00
8.090056285178235385e+00
8.120700437773608726e+00
8.151344590368980292e+00
8.181988742964351857e+00
8.212632895559725199e+00
8.243277048155096765e+00
8.273921200750468330e+00
8.304565353345841672e+00
8.335209505941213237e+00
8.365853658536584803e+00
8.396497811131956368e+00
8.427141963727329710e+00
8.457786116322701275e+00
8.488430268918072841e+00
8.519074421513446183e+00
8.549718574108817748e+00
8.580362726704189313e+00
8.611006879299562655e+00
8.641651031894934221e+00
8.672295184490305786e+00
8.702939337085679128e+00
8.733583489681050693e+00
8.764227642276422259e+00
8.794871794871793824e+00
8.825515947467167166e+00
8.856160100062538731e+00
8.886804252657910297e+00
8.917448405253283639e+00
8.948092557848655204e+00
8.978736710444026770e+00
9.009380863039400111e+00
9.040025015634771677e+00
9.070669168230143242e+00
9.101313320825514808e+00
9.131957473420888149e+00
9.162601626016259715e+00
9.193245778611631280e+00
9.223889931207004622e+00
9.254534083802376188e+00
9.285178236397747753e+00
9.315822388993121095e+00
9.346466541588492660e+00
9.377110694183864226e+00
9.407754846779237567e+00
9.438398999374609133e+00
9.469043151969980698e+00
9.499687304565352264e+00
9.530331457160725606e+00
9.560975609756097171e+00
9.591619762351468736e+00
9.622263914946842078e+00
9.652908067542213644e+00
9.683552220137585209e+00
9.714196372732958551e+00
9.744840525328330116e+00
9.775484677923701682e+00
9.806128830519075024e+00
9.836772983114446589e+00
9.867417135709818155e+00
9.898061288305189720e+00
9.928705440900563062e+00
9.959349593495934627e+00
9.989993746091306193e+00
1.002063789868667953e+01
1.005128205128205110e+01
1.008192620387742267e+01
1.011257035647279601e+01
1.014321450906816757e+01
1.017385866166353914e+01
1.020450281425891070e+01
1.023514696685428405e+01
1.026579111944965561e+01
1.029643527204502718e+01
1.032707942464040052e+01
1.035772357723577208e+01
1.038836772983114365e+01
1.041901188242651699e+01
1.044965603502188856e+01
1.048030018761726012e+01
1.051094434021263346e+01
1.054158849280800503e+01
1.057223264540337659e+01
1.060287679799874816e+01
1.063352095059412150e+01
1.066416510318949307e+01
1.069480925578486463e+01
1.072545340838023797e+01
1.075609756097560954e+01
1.078674171357098110e+01
1.081738586616635445e+01
1.084803001876172601e+01
1.087867417135709758e+01
1.090931832395246914e+01
1.093996247654784248e+01
1.097060662914321405e+01
1.100125078173858562e+01
1.103189493433395896e+01
1.106253908692933052e+01
1.109318323952470209e+01
1.112382739212007543e+01
1.115447154471544700e+01
1.118511569731081856e+01
1.121575984990619190e+01
1.124640400250156347e+01
1.127704815509693503e+01
1.130769230769230660e+01
1.133833646028767994e+01
1.136898061288305151e+01
1.139962476547842307e+01
1.143026891807379641e+01
1.146091307066916798e+01
1.149155722326453954e+01
1.152220137585991289e+01
1.155284552845528445e+01
1.158348968105065602e+01
1.161413383364602758e+01
1.164477798624140092e+01
1.167542213883677249e+01
1.170606629143214406e+01
1.173671044402751740e+01
1.176735459662288896e+01
1.179799874921826053e+01
1.182864290181363387e+01
1.185928705440900544e+01
1.188993120700437700e+01
1.192057535959975034e+01
1.195121951219512191e+01
1.198186366479049347e+01
1.201250781738586504e+01
1.204315196998123838e+01
1.207379612257660995e+01
1.210444027517198151e+01
1.213508442776735485e+01
1.216572858036272642e+01
1.219637273295809798e+01
1.222701688555347133e+01
1.225766103814884289e+01
1.228830519074421446e+01
1.231894934333958602e+01
1.234959349593495936e+01
1.238023764853033093e+01
1.241088180112570249e+01
1.244152595372107584e+01
1.247217010631644740e+01
1.250281425891181897e+01
1.253345841150719231e+01
1.256410256410256387e+01
1.259474671669793544e+01
1.262539086929330878e+01
1.265603502188868035e+01
1.268667917448405191e+01
1.271732332707942348e+01
1.274796747967479682e+01
1.277861163227016839e+01
1.280925578486553995e+01
1.283989993746091329e+01
1.287054409005628486e+01
1.290118824265165642e+01
1.293183239524702977e+01
1.296247654784240133e+01
1.299312070043777290e+01
1.302376485303314446e+01
1.305440900562851780e+01
1.308505315822388937e+01
1.311569731081926093e+01
1.314634146341463428e+01
1.317698561601000584e+01
1.320762976860537741e+01
1.323827392120075075e+01
1.326891807379612231e+01
1.329956222639149388e+01
1.333020637898686722e+01
1.336085053158223879e+01
1.339149468417761035e+01
1.342213883677298192e+01
1.345278298936835526e+01
1.348342714196372683e+01
1.351407129455909839e+01
1.354471544715447173e+01
1.357535959974984330e+01
1.360600375234521486e+01
1.363664790494058821e+01
1.366729205753595977e+01
1.369793621013133134e+01
1.372858036272670290e+01
1.375922451532207624e+01
1.378986866791744781e+01
1.382051282051281937e+01
1.385115697310819272e+01
1.388180112570356428e+01
1.391244527829893585e+01
1.394308943089430919e+01
1.397373358348968075e+01
1.400437773608505232e+01
1.403502188868042566e+01
1.406566604127579723e+01
1.409631019387116879e+01
1.412695434646654036e+01
1.415759849906191370e+01
1.418824265165728526e+01
1.421888680425265683e+01
1.424953095684803017e+01
1.428017510944340174e+01
1.431081926203877330e+01
1.434146341463414664e+01
1.437210756722951821e+01
1.440275171982488978e+01
1.443339587242026312e+01
1.446404002501563468e+01
1.449468417761100625e+01
1.452532833020637781e+01
1.455597248280175116e+01
1.458661663539712272e+01
1.461726078799249429e+01
1.464790494058786763e+01
1.467854909318323919e+01
1.470919324577861076e+01
1.473983739837398410e+01
1.477048155096935567e+01
1.480112570356472723e+01
1.483176985616009880e+01
1.486241400875547214e+01
1.489305816135084370e+01
1.492370231394621527e+01
1.495434646654158861e+01
1.498499061913696018e+01
1.501563477173233174e+01
1.504627892432770508e+01
1.507692307692307665e+01
1.510756722951844822e+01
1.513821138211382156e+01
1.516885553470919312e+01
1.519949968730456469e+01
1.523014383989993625e+01
1.526078799249530960e+01
1.529143214509068116e+01
1.532207629768605273e+01
1.535272045028142607e+01
1.538336460287679763e+01
1.541400875547216920e+01
1.544465290806754254e+01
1.547529706066291411e+01
1.550594121325828567e+01
1.553658536585365724e+01
1.556722951844903058e+01
1.559787367104440214e+01
1.562851782363977371e+01
1.565916197623514705e+01
1.568980612883051862e+01
1.572045028142589018e+01
1.575109443402126352e+01
1.578173858661663509e+01
1.581238273921200665e+01
1.584302689180738000e+01
1.587367104440275156e+01
1.590431519699812313e+01
1.593495934959349469e+01
1.596560350218886803e+01
1.599624765478423960e+01
1.602689180737961294e+01
1.605753595997498451e+01
1.608818011257035607e+01
1.611882426516572764e+01
1.614946841776109920e+01
1.618011257035647077e+01
1.621075672295184589e+01
1.624140087554721745e+01
1.627204502814258902e+01
1.630268918073796058e+01
1.633333333333333215e+01
1.636397748592870371e+01
1.639462163852407883e+01
1.642526579111945040e+01
1.645590994371482196e+01
1.648655409631019353e+01
1.651719824890556509e+01
1.654784240150093666e+01
1.657848655409630823e+01
1.660913070669168334e+01
1.663977485928705491e+01
1.667041901188242647e+01
1.670106316447779804e+01
1.673170731707316961e+01
1.676235146966854117e+01
1.679299562226391274e+01
1.682363977485928785e+01
1.685428392745465942e+01
1.688492808005003099e+01
1.691557223264540255e+01
1.694621638524077412e+01
1.697686053783614568e+01
1.700750469043152080e+01
1.703814884302689237e+01
1.706879299562226393e+01
1.709943714821763550e+01
1.713008130081300706e+01
1.716072545340837863e+01
1.719136960600375019e+01
1.722201375859912531e+01
1.725265791119449688e+01
1.728330206378986844e+01
1.731394621638524001e+01
1.734459036898061157e+01
1.737523452157598314e+01
1.740587867417135826e+01
1.743652282676672982e+01
1.746716697936210139e+01
1.749781113195747295e+01
1.752845528455284452e+01
1.755909943714821608e+01
1.758974358974358765e+01
1.762038774233896277e+01
1.765103189493433433e+01
1.768167604752970590e+01
1.771232020012507746e+01
1.774296435272044903e+01
1.777360850531582059e+01
1.780425265791119571e+01
1.783489681050656728e+01
1.786554096310193884e+01
1.789618511569731041e+01
1.792682926829268197e+01
1.795747342088805354e+01
1.798811757348342510e+01
1.801876172607880022e+01
1.804940587867417179e+01
1.808005003126954335e+01
1.811069418386491492e+01
1.814133833646028648e+01
1.817198248905565805e+01
1.820262664165102962e+01
1.823327079424640473e+01
1.826391494684177630e+01
1.829455909943714786e+01
1.832520325203251943e+01
1.835584740462789100e+01
1.838649155722326256e+01
1.841713570981863768e+01
1.844777986241400924e+01
1.847842401500938081e+01
1.850906816760475238e+01
1.853971232020012394e+01
1.857035647279549551e+01
1.860100062539086707e+01
1.863164477798624219e+01
1.866228893058161376e+01
1.869293308317698532e+01
1.872357723577235689e+01
1.875422138836772845e+01
1.878486554096310002e+01
1.881550969355847513e+01
1.884615384615384670e+01
1.887679799874921827e+01
1.890744215134458983e+01
1.893808630393996140e+01
1.896873045653533296e+01
1.899937460913070453e+01
1.903001876172607965e+01
1.906066291432145121e+01
1.909130706691682278e+01
1.912195121951219434e+01
1.915259537210756591e+01
1.918323952470293747e+01
1.921388367729831259e+01
1.924452782989368416e+01
1.927517198248905572e+01
1.930581613508442729e+01
1.933646028767979885e+01
1.936710444027517042e+01
1.939774859287054198e+01
1.942839274546591710e+01
1.945903689806128867e+01
1.948968105065666023e+01
1.952032520325203180e+01
1.955096935584740336e+01
1.958161350844277493e+01
1.961225766103815005e+01
1.964290181363352161e+01
1.967354596622889318e+01
1.970419011882426474e+01
1.973483427141963631e+01
1.976547842401500787e+01
1.979612257661037944e+01
1.982676672920575456e+01
1.985741088180112612e+01
1.988805503439649769e+01
1.991869918699186925e+01
1.994934333958724082e+01
1.997998749218261239e+01
2.001063164477798395e+01
2.004127579737335907e+01
2.007191994996873063e+01
2.010256410256410220e+01
2.013320825515947377e+01
2.016385240775484533e+01
2.019449656035021690e+01
2.022514071294559201e+01
2.025578486554096358e+01
2.028642901813633515e+01
2.031707317073170671e+01
2.034771732332707828e+01
2.037836147592244984e+01
2.040900562851782141e+01
2.043964978111319652e+01
2.047029393370856809e+01
2.050093808630393966e+01
2.053158223889931122e+01
2.056222639149468279e+01
2.059287054409005435e+01
2.062351469668542947e+01
2.065415884928080104e+01
2.068480300187617260e+01
2.071544715447154417e+01
2.074609130706691573e+01
2.077673545966228730e+01
2.080737961225765886e+01
2.083802376485303398e+01
2.086866791744840555e+01
2.089931207004377711e+01
2.092995622263914868e+01
2.096060037523452024e+01
2.099124452782989181e+01
2.102188868042526693e+01
2.105253283302063849e+01
2.108317698561601006e+01
2.111382113821138162e+01
2.114446529080675319e+01
2.117510944340212475e+01
2.120575359599749632e+01
2.123639774859287144e+01
2.126704190118824300e+01
2.129768605378361457e+01
2.132833020637898613e+01
2.135897435897435770e+01
2.138961851156972926e+01
2.142026266416510083e+01
2.145090681676047595e+01
2.148155096935584751e+01
2.151219512195121908e+01
2.154283927454659064e+01
2.157348342714196221e+01
2.160412757973733378e+01
2.163477173233270889e+01
2.166541588492808046e+01
2.169606003752345202e+01
2.172670419011882359e+01
2.175734834271419516e+01
2.178799249530956672e+01
2.181863664790493829e+01
2.184928080050031340e+01
2.187992495309568497e+01
2.191056910569105654e+01
2.194121325828642810e+01
2.197185741088179967e+01
2.200250156347717123e+01
2.203314571607254635e+01
2.206378986866791791e+01
2.209443402126328948e+01
2.212507817385866105e+01
2.215572232645403261e+01
2.218636647904940418e+01
2.221701063164477574e+01
2.224765478424015086e+01
2.227829893683552243e+01
2.230894308943089399e+01
2.233958724202626556e+01
2.237023139462163712e+01
2.240087554721700869e+01
2.243151969981238381e+01
2.246216385240775537e+01
2.249280800500312694e+01
2.252345215759849850e+01
2.255409631019387007e+01
2.258474046278924163e+01
2.261538461538461320e+01
2.264602876797998832e+01
2.267667292057535988e+01
2.270731707317073145e+01
2.273796122576610301e+01
2.276860537836147458e+01
2.279924953095684614e+01
2.282989368355221771e+01
2.286053783614759283e+01
2.289118198874296439e+01
2.292182614133833596e+01
2.295247029393370752e+01
2.298311444652907909e+01
2.301375859912445065e+01
2.304440275171982577e+01
2.307504690431519734e+01
2.310569105691056890e+01
2.313633520950594047e+01
2.316697936210131203e+01
2.319762351469668360e+01
2.322826766729205517e+01
2.325891181988743028e+01
2.328955597248280185e+01
2.332020012507817341e+01
2.335084427767354498e+01
2.338148843026891655e+01
2.341213258286428811e+01
2.344277673545966323e+01
2.347342088805503479e+01
2.350406504065040636e+01
2.353470919324577793e+01
2.356535334584114949e+01
2.359599749843652106e+01
2.362664165103189262e+01
2.365728580362726774e+01
2.368792995622263930e+01
2.371857410881801087e+01
2.374921826141338244e+01
2.377986241400875400e+01
2.381050656660412557e+01
2.384115071919950068e+01
2.387179487179487225e+01
2.390243902439024382e+01
2.393308317698561538e+01
2.396372732958098695e+01
2.399437148217635851e+01
2.402501563477173008e+01
2.405565978736710520e+01
2.408630393996247676e+01
2.411694809255784833e+01
2.414759224515321989e+01
2.417823639774859146e+01
2.420888055034396302e+01
2.423952470293933814e+01
2.427016885553470971e+01
2.430081300813008127e+01
2.433145716072545284e+01
2.436210131332082440e+01
2.439274546591619597e+01
2.442338961851156753e+01
2.445403377110694265e+01
2.448467792370231422e+01
2.451532207629768578e+01
2.454596622889305735e+01
2.457661038148842891e+01
2.460725453408380048e+01
2.463789868667917204e+01
2.466854283927454716e+01
2.469918699186991873e+01
2.472983114446529029e+01
2.476047529706066186e+01
2.479111944965603342e+01
2.482176360225140499e+01
2.485240775484678011e+01
2.488305190744215167e+01
2.491369606003752324e+01
2.494434021263289480e+01
2.497498436522826637e+01
2.500562851782363794e+01
2.503627267041900950e+01
2.506691682301438462e+01
2.509756097560975618e+01
2.512820512820512775e+01
2.515884928080049932e+01
2.518949343339587088e+01
2.522013758599124245e+01
2.525078173858661756e+01
2.528142589118198913e+01
2.531207004377736070e+01
2.534271419637273226e+01
2.537335834896810383e+01
2.540400250156347539e+01
2.543464665415884696e+01
2.546529080675422207e+01
2.549593495934959364e+01
2.552657911194496521e+01
2.555722326454033677e+01
2.558786741713570834e+01
2.561851156973107990e+01
2.564915572232645502e+01
2.567979987492182659e+01
2.571044402751719815e+01
2.574108818011256972e+01
2.577173233270794128e+01
2.580237648530331285e+01
2.583302063789868441e+01
2.586366479049405953e+01
2.589430894308943110e+01
2.592495309568480266e+01
2.595559724828017423e+01
2.598624140087554579e+01
2.601688555347091736e+01
2.604752970606628892e+01
2.607817385866166404e+01
2.610881801125703561e+01
2.613946216385240717e+01
2.617010631644777874e+01
2.620075046904315030e+01
2.623139462163852187e+01
2.626203877423389699e+01
2.629268292682926855e+01
2.632332707942464012e+01
2.635397123202001168e+01
2.638461538461538325e+01
2.641525953721075481e+01
2.644590368980612638e+01
2.647654784240150150e+01
2.650719199499687306e+01
2.653783614759224463e+01
2.656848030018761619e+01
2.659912445278298776e+01
2.662976860537835933e+01
2.666041275797373444e+01
2.669105691056910601e+01
2.672170106316447757e+01
2.675234521575984914e+01
2.678298936835522071e+01
2.681363352095059227e+01
2.684427767354596384e+01
2.687492182614133895e+01
2.690556597873671052e+01
2.693621013133208209e+01
2.696685428392745365e+01
2.699749843652282522e+01
2.702814258911819678e+01
2.705878674171357190e+01
2.708943089430894346e+01
2.712007504690431503e+01
2.715071919949968660e+01
2.718136335209505816e+01
2.721200750469042973e+01
2.724265165728580129e+01
2.727329580988117641e+01
2.730393996247654798e+01
2.733458411507191954e+01
2.736522826766729111e+01
2.739587242026266267e+01
2.742651657285803424e+01
2.745716072545340580e+01
2.748780487804878092e+01
2.751844903064415249e+01
2.754909318323952405e+01
2.757973733583489562e+01
2.761038148843026718e+01
2.764102564102563875e+01
2.767166979362101387e+01
2.770231394621638543e+01
2.773295809881175700e+01
2.776360225140712856e+01
2.779424640400250013e+01
2.782489055659787169e+01
2.785553470919324326e+01
2.788617886178861838e+01
2.791682301438398994e+01
2.794746716697936151e+01
2.797811131957473307e+01
2.800875547217010464e+01
2.803939962476547620e+01
2.807004377736085132e+01
2.810068792995622289e+01
2.813133208255159445e+01
2.816197623514696602e+01
2.819262038774233758e+01
2.822326454033770915e+01
2.825390869293308072e+01
2.828455284552845583e+01
2.831519699812382740e+01
2.834584115071919896e+01
2.837648530331457053e+01
2.840712945590994210e+01
2.843777360850531366e+01
2.846841776110068878e+01
2.849906191369606034e+01
2.852970606629143191e+01
2.856035021888680348e+01
2.859099437148217504e+01
2.862163852407754661e+01
2.865228267667291817e+01
2.868292682926829329e+01
2.871357098186366485e+01
2.874421513445903642e+01
2.877485928705440799e+01
2.880550343964977955e+01
2.883614759224515112e+01
2.886679174484052623e+01
2.889743589743589780e+01
2.892808005003126937e+01
2.895872420262664093e+01
2.898936835522201250e+01
2.902001250781738406e+01
2.905065666041275563e+01
2.908130081300813075e+01
2.911194496560350231e+01
2.914258911819887388e+01
2.917323327079424544e+01
2.920387742338961701e+01
2.923452157598498857e+01
2.926516572858036014e+01
2.929580988117573526e+01
2.932645403377110682e+01
2.935709818636647839e+01
2.938774233896184995e+01
2.941838649155722152e+01
2.944903064415259308e+01
2.947967479674796820e+01
2.951031894934333977e+01
2.954096310193871133e+01
2.957160725453408290e+01
2.960225140712945446e+01
2.963289555972482603e+01
2.966353971232019759e+01
2.969418386491557271e+01
2.972482801751094428e+01
2.975547217010631584e+01
2.978611632270168741e+01
2.981676047529705897e+01
2.984740462789243054e+01
2.987804878048780566e+01
2.990869293308317722e+01
2.993933708567854879e+01
2.996998123827392035e+01
3.000062539086929192e+01
3.003126954346466349e+01
3.006191369606003505e+01
3.009255784865541017e+01
3.012320200125078173e+01
3.015384615384615330e+01
3.018449030644152487e+01
3.021513445903689643e+01
3.024577861163226800e+01
3.027642276422764311e+01
3.030706691682301468e+01
3.033771106941838624e+01
3.036835522201375781e+01
3.039899937460912938e+01
3.042964352720450094e+01
3.046028767979987251e+01
3.049093183239524762e+01
3.052157598499061919e+01
3.055222013758599076e+01
3.058286429018136232e+01
3.061350844277673389e+01
3.064415259537210545e+01
3.067479674796747702e+01
3.070544090056285214e+01
3.073608505315822370e+01
3.076672920575359527e+01
3.079737335834896683e+01
3.082801751094433840e+01
3.085866166353970996e+01
3.088930581613508508e+01
3.091994996873045665e+01
3.095059412132582821e+01
3.098123827392119978e+01
3.101188242651657134e+01
3.104252657911194291e+01
3.107317073170731447e+01
3.110381488430268959e+01
3.113445903689806116e+01
3.116510318949343272e+01
3.119574734208880429e+01
3.122639149468417585e+01
3.125703564727954742e+01
3.128767979987492254e+01
3.131832395247029410e+01
3.134896810506566567e+01
3.137961225766103723e+01
3.141025641025640880e+01
3.144090056285178036e+01
3.147154471544715193e+01
3.150218886804252705e+01
3.153283302063789861e+01
3.156347717323327018e+01
3.159412132582864174e+01
3.162476547842401331e+01
3.165540963101938488e+01
3.168605378361475999e+01
3.171669793621013156e+01
3.174734208880550312e+01
3.177798624140087469e+01
3.180863039399624626e+01
3.183927454659161782e+01
3.186991869918698939e+01
3.190056285178236450e+01
3.193120700437773607e+01
3.196185115697310763e+01
3.199249530956847920e+01
3.202313946216385432e+01
3.205378361475922588e+01
3.208442776735459745e+01
3.211507191994996901e+01
3.214571607254534058e+01
3.217636022514071215e+01
3.220700437773608371e+01
3.223764853033145528e+01
3.226829268292682684e+01
3.229893683552219841e+01
3.232958098811756997e+01
3.236022514071294154e+01
3.239086929330832021e+01
3.242151344590369177e+01
3.245215759849906334e+01
3.248280175109443491e+01
3.251344590368980647e+01
3.254409005628517804e+01
3.257473420888054960e+01
3.260537836147592117e+01
3.263602251407129273e+01
3.266666666666666430e+01
3.269731081926203586e+01
3.272795497185740743e+01
3.275859912445277899e+01
3.278924327704815767e+01
3.281988742964352923e+01
3.285053158223890080e+01
3.288117573483427236e+01
3.291181988742964393e+01
3.294246404002501549e+01
3.297310819262038706e+01
3.300375234521575862e+01
3.303439649781113019e+01
3.306504065040650175e+01
3.309568480300187332e+01
3.312632895559724489e+01
3.315697310819261645e+01
3.318761726078798802e+01
3.321826141338336669e+01
3.324890556597873825e+01
3.327954971857410982e+01
3.331019387116948138e+01
3.334083802376485295e+01
3.337148217636022451e+01
3.340212632895559608e+01
3.343277048155096765e+01
3.346341463414633921e+01
3.349405878674171078e+01
3.352470293933708234e+01
3.355534709193245391e+01
3.358599124452782547e+01
3.361663539712320414e+01
3.364727954971857571e+01
3.367792370231394727e+01
3.370856785490931884e+01
3.373921200750469040e+01
3.376985616010006197e+01
3.380050031269543354e+01
3.383114446529080510e+01
3.386178861788617667e+01
3.389243277048154823e+01
3.392307692307691980e+01
3.395372107567229136e+01
3.398436522826766293e+01
3.401500938086304160e+01
3.404565353345841316e+01
3.407629768605378473e+01
3.410694183864915630e+01
3.413758599124452786e+01
3.416823014383989943e+01
3.419887429643527099e+01
3.422951844903064256e+01
3.426016260162601412e+01
3.429080675422138569e+01
3.432145090681675725e+01
3.435209505941212882e+01
3.438273921200750038e+01
3.441338336460287906e+01
3.444402751719825062e+01
3.447467166979362219e+01
3.450531582238899375e+01
3.453595997498436532e+01
3.456660412757973688e+01
3.459724828017510845e+01
3.462789243277048001e+01
3.465853658536585158e+01
3.468918073796122314e+01
3.471982489055659471e+01
3.475046904315196628e+01
3.478111319574733784e+01
3.481175734834271651e+01
3.484240150093808808e+01
3.487304565353345964e+01
3.490368980612883121e+01
3.493433395872420277e+01
3.496497811131957434e+01
3.499562226391494590e+01
3.502626641651031747e+01
3.505691056910568904e+01
3.508755472170106060e+01
3.511819887429643217e+01
3.514884302689180373e+01
3.517948717948717530e+01
3.521013133208255397e+01
3.524077548467792553e+01
3.527141963727329710e+01
3.530206378986866866e+01
3.533270794246404023e+01
3.536335209505941179e+01
3.539399624765478336e+01
3.542464040025015493e+01
3.545528455284552649e+01
3.548592870544089806e+01
3.551657285803626962e+01
3.554721701063164119e+01
3.557786116322701275e+01
3.560850531582239142e+01
3.563914946841776299e+01
3.566979362101313455e+01
3.570043777360850612e+01
3.573108192620387769e+01
3.576172607879924925e+01
3.579237023139462082e+01
3.582301438398999238e+01
3.585365853658536395e+01
3.588430268918073551e+01
3.591494684177610708e+01
3.594559099437147864e+01
3.597623514696685021e+01
3.600687929956222888e+01
3.603752345215760045e+01
3.606816760475297201e+01
3.609881175734834358e+01
3.612945590994371514e+01
3.616010006253908671e+01
3.619074421513445827e+01
3.622138836772982984e+01
3.625203252032520140e+01
3.628267667292057297e+01
3.631332082551594453e+01
3.634396497811131610e+01
3.637460913070668767e+01
3.640525328330205923e+01
3.643589743589743790e+01
3.646654158849280947e+01
3.649718574108818103e+01
3.652782989368355260e+01
3.655847404627892416e+01
3.658911819887429573e+01
3.661976235146966729e+01
3.665040650406503886e+01
3.668105065666041043e+01
3.671169480925578199e+01
3.674233896185115356e+01
3.677298311444652512e+01
3.680362726704189669e+01
3.683427141963727536e+01
3.686491557223264692e+01
3.689555972482801849e+01
3.692620387742339005e+01
3.695684803001876162e+01
3.698749218261413318e+01
3.701813633520950475e+01
3.704878048780487632e+01
3.707942464040024788e+01
3.711006879299561945e+01
3.714071294559099101e+01
3.717135709818636258e+01
3.720200125078173414e+01
3.723264540337711281e+01
3.726328955597248438e+01
3.729393370856785594e+01
3.732457786116322751e+01
3.735522201375859908e+01
3.738586616635397064e+01
3.741651031894934221e+01
3.744715447154471377e+01
3.747779862414008534e+01
3.750844277673545690e+01
3.753908692933082847e+01
3.756973108192620003e+01
3.760037523452157160e+01
3.763101938711695027e+01
3.766166353971232184e+01
3.769230769230769340e+01
3.772295184490306497e+01
3.775359599749843653e+01
3.778424015009380810e+01
3.781488430268917966e+01
3.784552845528455123e+01
3.787617260787992279e+01
3.790681676047529436e+01
3.793746091307066592e+01
3.796810506566603749e+01
3.799874921826140906e+01
3.802939337085678773e+01
3.806003752345215929e+01
3.809068167604753086e+01
3.812132582864290242e+01
3.815196998123827399e+01
3.818261413383364555e+01
3.821325828642901712e+01
3.824390243902438868e+01
3.827454659161976025e+01
3.830519074421513182e+01
3.833583489681050338e+01
3.836647904940587495e+01
3.839712320200124651e+01
3.842776735459662518e+01
3.845841150719199675e+01
3.848905565978736831e+01
3.851969981238273988e+01
3.855034396497811144e+01
3.858098811757348301e+01
3.861163227016885457e+01
3.864227642276422614e+01
3.867292057535959771e+01
3.870356472795496927e+01
3.873420888055034084e+01
3.876485303314571240e+01
3.879549718574108397e+01
3.882614133833646264e+01
3.885678549093183420e+01
3.888742964352720577e+01
3.891807379612257733e+01
3.894871794871794890e+01
3.897936210131332047e+01
3.901000625390869203e+01
3.904065040650406360e+01
3.907129455909943516e+01
3.910193871169480673e+01
3.913258286429017829e+01
3.916322701688554986e+01
3.919387116948092142e+01
3.922451532207630009e+01
3.925515947467167166e+01
3.928580362726704323e+01
3.931644777986241479e+01
3.934709193245778636e+01
3.937773608505315792e+01
3.940838023764852949e+01
3.943902439024390105e+01
3.946966854283927262e+01
3.950031269543464418e+01
3.953095684803001575e+01
3.956160100062538731e+01
3.959224515322075888e+01
3.962288930581613045e+01
3.965353345841150912e+01
3.968417761100688068e+01
3.971482176360225225e+01
3.974546591619762381e+01
3.977611006879299538e+01
3.980675422138836694e+01
3.983739837398373851e+01
3.986804252657911007e+01
3.989868667917448164e+01
3.992933083176985321e+01
3.995997498436522477e+01
3.999061913696059634e+01
4.002126328955596790e+01
4.005190744215134657e+01
4.008255159474671814e+01
4.011319574734208970e+01
4.014383989993746127e+01
4.017448405253283283e+01
4.020512820512820440e+01
4.023577235772357596e+01
4.026641651031894753e+01
4.029706066291431910e+01
4.032770481550969066e+01
4.035834896810506223e+01
4.038899312070043379e+01
4.041963727329580536e+01
4.045028142589118403e+01
4.048092557848655559e+01
4.051156973108192716e+01
4.054221388367729872e+01
4.057285803627267029e+01
4.060350218886804186e+01
4.063414634146341342e+01
4.066479049405878499e+01
4.069543464665415655e+01
4.072607879924952812e+01
4.075672295184489968e+01
4.078736710444027125e+01
4.081801125703564281e+01
4.084865540963102148e+01
4.087929956222639305e+01
4.090994371482176462e+01
4.094058786741713618e+01
4.097123202001250775e+01
4.100187617260787931e+01
4.103252032520325088e+01
4.106316447779862244e+01
4.109380863039399401e+01
4.112445278298936557e+01
4.115509693558473714e+01
4.118574108818010870e+01
4.121638524077548027e+01
4.124702939337085894e+01
4.127767354596623051e+01
4.130831769856160207e+01
4.133896185115697364e+01
4.136960600375234520e+01
4.140025015634771677e+01
4.143089430894308833e+01
4.146153846153845990e+01
4.149218261413383146e+01
4.152282676672920303e+01
4.155347091932457460e+01
4.158411507191994616e+01
4.161475922451531773e+01
4.164540337711069640e+01
4.167604752970606796e+01
4.170669168230143953e+01
4.173733583489681109e+01
4.176797998749218266e+01
4.179862414008755422e+01
4.182926829268292579e+01
4.185991244527829735e+01
4.189055659787366892e+01
4.192120075046904049e+01
4.195184490306441205e+01
4.198248905565978362e+01
4.201313320825515518e+01
4.204377736085053385e+01
4.207442151344590542e+01
4.210506566604127698e+01
4.213570981863664855e+01
4.216635397123202011e+01
4.219699812382739168e+01
4.222764227642276325e+01
4.225828642901813481e+01
4.228893058161350638e+01
4.231957473420887794e+01
4.235021888680424951e+01
4.238086303939962107e+01
4.241150719199499264e+01
4.244215134459036420e+01
4.247279549718574287e+01
4.250343964978111444e+01
4.253408380237648601e+01
4.256472795497185757e+01
4.259537210756722914e+01
4.262601626016260070e+01
4.265666041275797227e+01
4.268730456535334383e+01
4.271794871794871540e+01
4.274859287054408696e+01
4.277923702313945853e+01
4.280988117573483009e+01
4.284052532833020166e+01
4.287116948092558033e+01
4.290181363352095190e+01
4.293245778611632346e+01
4.296310193871169503e+01
4.299374609130706659e+01
4.302439024390243816e+01
4.305503439649780972e+01
4.308567854909318129e+01
4.311632270168855285e+01
4.314696685428392442e+01
4.317761100687929599e+01
4.320825515947466755e+01
4.323889931207003912e+01
4.326954346466541779e+01
4.330018761726078935e+01
4.333083176985616092e+01
4.336147592245153248e+01
4.339212007504690405e+01
4.342276422764227561e+01
4.345340838023764718e+01
4.348405253283301874e+01
4.351469668542839031e+01
4.354534083802376188e+01
4.357598499061913344e+01
4.360662914321450501e+01
4.363727329580987657e+01
4.366791744840525524e+01
4.369856160100062681e+01
4.372920575359599837e+01
4.375984990619136994e+01
4.379049405878674150e+01
4.382113821138211307e+01
4.385178236397748464e+01
4.388242651657285620e+01
4.391307066916822777e+01
4.394371482176359933e+01
4.397435897435897090e+01
4.400500312695434246e+01
4.403564727954971403e+01
4.406629143214509270e+01
4.409693558474046426e+01
4.412757973733583583e+01
4.415822388993120740e+01
4.418886804252657896e+01
4.421951219512195053e+01
4.425015634771732209e+01
4.428080050031269366e+01
4.431144465290806522e+01
4.434208880550343679e+01
4.437273295809880835e+01
4.440337711069417992e+01
4.443402126328955148e+01
4.446466541588493016e+01
4.449530956848030172e+01
4.452595372107567329e+01
4.455659787367104485e+01
4.458724202626641642e+01
4.461788617886178798e+01
4.464853033145715955e+01
4.467917448405253111e+01
4.470981863664790268e+01
4.474046278924327424e+01
4.477110694183864581e+01
4.480175109443401738e+01
4.483239524702938894e+01
4.486303939962476761e+01
4.489368355222013918e+01
4.492432770481551074e+01
4.495497185741088231e+01
4.498561601000625387e+01
4.501626016260162544e+01
4.504690431519699700e+01
4.507754846779236857e+01
4.510819262038774013e+01
4.513883677298311170e+01
4.516948092557848327e+01
4.520012507817385483e+01
4.523076923076922640e+01
4.526141338336460507e+01
4.529205753595997663e+01
4.532270168855534820e+01
4.535334584115071976e+01
4.538398999374609133e+01
4.541463414634146289e+01
4.544527829893683446e+01
4.547592245153220603e+01
4.550656660412757759e+01
4.553721075672294916e+01
4.556785490931832072e+01
4.559849906191369229e+01
4.562914321450906385e+01
4.565978736710443542e+01
4.569043151969981409e+01
4.572107567229518565e+01
4.575171982489055722e+01
4.578236397748592879e+01
4.581300813008130035e+01
4.584365228267667192e+01
4.587429643527204348e+01
4.590494058786741505e+01
4.593558474046278661e+01
4.596622889305815818e+01
4.599687304565352974e+01
4.602751719824890131e+01
4.605816135084427287e+01
4.608880550343965155e+01
4.611944965603502311e+01
4.615009380863039468e+01
4.618073796122576624e+01
4.621138211382113781e+01
4.624202626641650937e+01
4.627267041901188094e+01
4.630331457160725250e+01
4.633395872420262407e+01
4.636460287679799563e+01
4.639524702939336720e+01
4.642589118198873877e+01
4.645653533458411033e+01
4.648717948717948900e+01
4.651782363977486057e+01
4.654846779237023213e+01
4.657911194496560370e+01
4.660975609756097526e+01
4.664040025015634683e+01
4.667104440275171839e+01
4.670168855534708996e+01
4.673233270794246152e+01
4.676297686053783309e+01
4.679362101313320466e+01
4.682426516572857622e+01
4.685490931832394779e+01
4.688555347091932646e+01
4.691619762351469802e+01
4.694684177611006959e+01
4.697748592870544115e+01
4.700813008130081272e+01
4.703877423389618428e+01
4.706941838649155585e+01
4.710006253908692742e+01
4.713070669168229898e+01
4.716135084427767055e+01
4.719199499687304211e+01
4.722263914946841368e+01
4.725328330206378524e+01
4.728392745465916391e+01
4.731457160725453548e+01
4.734521575984990704e+01
4.737585991244527861e+01
4.740650406504065018e+01
4.743714821763602174e+01
4.746779237023139331e+01
4.749843652282676487e+01
4.752908067542213644e+01
4.755972482801750800e+01
4.759036898061287957e+01
4.762101313320825113e+01
4.765165728580362270e+01
4.768230143839900137e+01
4.771294559099437294e+01
4.774358974358974450e+01
4.777423389618511607e+01
4.780487804878048763e+01
4.783552220137585920e+01
4.786616635397123076e+01
4.789681050656660233e+01
4.792745465916197389e+01
4.795809881175734546e+01
4.798874296435271702e+01
4.801938711694808859e+01
4.805003126954346016e+01
4.808067542213883883e+01
4.811131957473421039e+01
4.814196372732958196e+01
4.817260787992495352e+01
4.820325203252032509e+01
4.823389618511569665e+01
4.826454033771106822e+01
4.829518449030643978e+01
4.832582864290181135e+01
4.835647279549718291e+01
4.838711694809255448e+01
4.841776110068792605e+01
4.844840525328329761e+01
4.847904940587867628e+01
4.850969355847404785e+01
4.854033771106941941e+01
4.857098186366479098e+01
4.860162601626016254e+01
4.863227016885553411e+01
4.866291432145090567e+01
4.869355847404627724e+01
4.872420262664164881e+01
4.875484677923702037e+01
4.878549093183239194e+01
4.881613508442776350e+01
4.884677923702313507e+01
4.887742338961850663e+01
4.890806754221388530e+01
4.893871169480925687e+01
4.896935584740462843e+01
4.900000000000000000e+01
