0.000000000000000000e+00
1.531728665207877406e-02
3.063457330415754812e-02
4.595185995623632391e-02
6.126914660831509624e-02
7.658643326039386856e-02
9.190371991247264782e-02
1.072210065645514132e-01
1.225382932166301925e-01
1.378555798687089717e-01
1.531728665207877371e-01
1.684901531728665025e-01
1.838074398249452956e-01
1.991247264770240610e-01
2.144420131291028264e-01
2.297592997811816196e-01
2.450765864332603849e-01
2.603938730853391781e-01
2.757111597374179435e-01
2.910284463894967089e-01
3.063457330415754742e-01
3.216630196936542396e-01
3.369803063457330050e-01
3.522975929978118259e-01
3.676148796498905913e-01
3.829321663019693567e-01
3.982494529540481221e-01
4.135667396061268875e-01
4.288840262582056528e-01
4.442013129102844737e-01
4.595185995623632391e-01
4.748358862144420045e-01
4.901531728665207699e-01
5.054704595185995908e-01
5.207877461706783562e-01
5.361050328227571216e-01
5.514223194748358869e-01
5.667396061269146523e-01
5.820568927789934177e-01
5.973741794310721831e-01
6.126914660831509485e-01
6.280087527352297139e-01
6.433260393873084793e-01
6.586433260393872446e-01
6.739606126914660100e-01
6.892778993435448864e-01
7.045951859956236518e-01
7.199124726477024172e-01
7.352297592997811826e-01
7.505470459518599480e-01
7.658643326039387134e-01
7.811816192560174787e-01
7.964989059080962441e-01
8.118161925601750095e-01
8.271334792122537749e-01
8.424507658643325403e-01
8.577680525164113057e-01
8.730853391684900711e-01
8.884026258205689475e-01
9.037199124726477129e-01
9.190371991247264782e-01
9.343544857768052436e-01
9.496717724288840090e-01
9.649890590809627744e-01
9.803063457330415398e-01
9.956236323851203052e-01
1.010940919037199182e+00
1.026258205689277947e+00
1.041575492341356712e+00
1.056892778993435478e+00
1.072210065645514243e+00
1.087527352297593009e+00
1.102844638949671774e+00
1.118161925601750539e+00
1.133479212253829305e+00
1.148796498905908070e+00
1.164113785557986835e+00
1.179431072210065601e+00
1.194748358862144366e+00
1.210065645514223132e+00
1.225382932166301897e+00
1.240700218818380662e+00
1.256017505470459428e+00
1.271334792122538193e+00
1.286652078774616959e+00
1.301969365426695724e+00
1.317286652078774489e+00
1.332603938730853255e+00
1.347921225382932020e+00
1.363238512035010785e+00
1.378555798687089773e+00
1.393873085339168538e+00
1.409190371991247304e+00
1.424507658643326069e+00
1.439824945295404834e+00
1.455142231947483600e+00
1.470459518599562365e+00
1.485776805251641131e+00
1.501094091903719896e+00
1.516411378555798661e+00
1.531728665207877427e+00
1.547045951859956192e+00
1.562363238512034957e+00
1.577680525164113723e+00
1.592997811816192488e+00
1.608315098468271254e+00
1.623632385120350019e+00
1.638949671772428784e+00
1.654266958424507550e+00
1.669584245076586315e+00
1.684901531728665081e+00
1.700218818380743846e+00
1.715536105032822611e+00
1.730853391684901377e+00
1.746170678336980142e+00
1.761487964989058908e+00
1.776805251641137895e+00
1.792122538293216660e+00
1.807439824945295426e+00
1.822757111597374191e+00
1.838074398249452956e+00
1.853391684901531722e+00
1.868708971553610487e+00
1.884026258205689253e+00
1.899343544857768018e+00
1.914660831509846783e+00
1.929978118161925549e+00
1.945295404814004314e+00
1.960612691466083080e+00
1.975929978118161845e+00
1.991247264770240610e+00
2.006564551422319376e+00
2.021881838074398363e+00
2.037199124726476906e+00
2.052516411378555894e+00
2.067833698030634437e+00
2.083150984682713425e+00
2.098468271334791968e+00
2.113785557986870955e+00
2.129102844638949499e+00
2.144420131291028486e+00
2.159737417943107030e+00
2.175054704595186017e+00
2.190371991247264560e+00
2.205689277899343548e+00
2.221006564551422091e+00
2.236323851203501079e+00
2.251641137855579622e+00
2.266958424507658609e+00
2.282275711159737153e+00
2.297592997811816140e+00
2.312910284463894683e+00
2.328227571115973671e+00
2.343544857768052214e+00
2.358862144420131202e+00
2.374179431072210189e+00
2.389496717724288732e+00
2.404814004376367720e+00
2.420131291028446263e+00
2.435448577680525251e+00
2.450765864332603794e+00
2.466083150984682781e+00
2.481400437636761325e+00
2.496717724288840312e+00
2.512035010940918855e+00
2.527352297592997843e+00
2.542669584245076386e+00
2.557986870897155374e+00
2.573304157549233917e+00
2.588621444201312904e+00
2.603938730853391448e+00
2.619256017505470435e+00
2.634573304157548979e+00
2.649890590809627966e+00
2.665207877461706509e+00
2.680525164113785497e+00
2.695842450765864040e+00
2.711159737417943028e+00
2.726477024070021571e+00
2.741794310722100558e+00
2.757111597374179546e+00
2.772428884026258089e+00
2.787746170678337077e+00
2.803063457330415620e+00
2.818380743982494607e+00
2.833698030634573151e+00
2.849015317286652138e+00
2.864332603938730681e+00
2.879649890590809669e+00
2.894967177242888212e+00
2.910284463894967200e+00
2.925601750547045743e+00
2.940919037199124730e+00
2.956236323851203274e+00
2.971553610503282261e+00
2.986870897155360804e+00
3.002188183807439792e+00
3.017505470459518335e+00
3.032822757111597323e+00
3.048140043763675866e+00
3.063457330415754853e+00
3.078774617067833397e+00
3.094091903719912384e+00
3.109409190371990928e+00
3.124726477024069915e+00
3.140043763676148902e+00
3.155361050328227446e+00
3.170678336980306433e+00
3.185995623632384977e+00
3.201312910284463964e+00
3.216630196936542507e+00
3.231947483588621495e+00
3.247264770240700038e+00
3.262582056892779026e+00
3.277899343544857569e+00
3.293216630196936556e+00
3.308533916849015100e+00
3.323851203501094087e+00
3.339168490153172630e+00
3.354485776805251618e+00
3.369803063457330161e+00
3.385120350109409149e+00
3.400437636761487692e+00
3.415754923413566679e+00
3.431072210065645223e+00
3.446389496717724210e+00
3.461706783369802753e+00
3.477024070021881741e+00
3.492341356673960284e+00
3.507658643326039272e+00
3.522975929978117815e+00
3.538293216630196802e+00
3.553610503282275790e+00
3.568927789934354333e+00
3.584245076586433321e+00
3.599562363238511864e+00
3.614879649890590851e+00
3.630196936542669395e+00
3.645514223194748382e+00
3.660831509846826926e+00
3.676148796498905913e+00
3.691466083150984456e+00
3.706783369803063444e+00
3.722100656455141987e+00
3.737417943107220974e+00
3.752735229759299518e+00
3.768052516411378505e+00
3.783369803063457049e+00
3.798687089715536036e+00
3.814004376367614579e+00
3.829321663019693567e+00
3.844638949671772110e+00
3.859956236323851098e+00
3.875273522975929641e+00
3.890590809628008628e+00
3.905908096280087172e+00
3.921225382932166159e+00
3.936542669584245147e+00
3.951859956236323690e+00
3.967177242888402677e+00
3.982494529540481221e+00
3.997811816192560208e+00
4.013129102844638751e+00
4.028446389496717295e+00
4.043763676148796726e+00
4.059080962800875270e+00
4.074398249452953813e+00
4.089715536105032356e+00
4.105032822757111788e+00
4.120350109409190331e+00
4.135667396061268875e+00
4.150984682713347418e+00
4.166301969365426849e+00
4.181619256017505393e+00
4.196936542669583936e+00
4.212253829321662479e+00
4.227571115973741911e+00
4.242888402625820454e+00
4.258205689277898998e+00
4.273522975929977541e+00
4.288840262582056972e+00
4.304157549234135516e+00
4.319474835886214059e+00
4.334792122538293491e+00
4.350109409190372034e+00
4.365426695842450577e+00
4.380743982494529121e+00
4.396061269146608552e+00
4.411378555798687096e+00
4.426695842450765639e+00
4.442013129102844182e+00
4.457330415754923614e+00
4.472647702407002157e+00
4.487964989059080700e+00
4.503282275711159244e+00
4.518599562363238675e+00
4.533916849015317219e+00
4.549234135667395762e+00
4.564551422319474305e+00
4.579868708971553737e+00
4.595185995623632280e+00
4.610503282275710824e+00
4.625820568927789367e+00
4.641137855579868798e+00
4.656455142231947342e+00
4.671772428884025885e+00
4.687089715536104428e+00
4.702407002188183860e+00
4.717724288840262403e+00
4.733041575492340947e+00
4.748358862144420378e+00
4.763676148796498921e+00
4.778993435448577465e+00
4.794310722100656008e+00
4.809628008752735440e+00
4.824945295404813983e+00
4.840262582056892526e+00
4.855579868708971070e+00
4.870897155361050501e+00
4.886214442013129045e+00
4.901531728665207588e+00
4.916849015317286131e+00
4.932166301969365563e+00
4.947483588621444106e+00
4.962800875273522649e+00
4.978118161925601193e+00
4.993435448577680624e+00
5.008752735229759168e+00
5.024070021881837711e+00
5.039387308533916254e+00
5.054704595185995686e+00
5.070021881838074229e+00
5.085339168490152773e+00
5.100656455142232204e+00
5.115973741794310747e+00
5.131291028446389291e+00
5.146608315098467834e+00
5.161925601750547266e+00
5.177242888402625809e+00
5.192560175054704352e+00
5.207877461706782896e+00
5.223194748358862327e+00
5.238512035010940870e+00
5.253829321663019414e+00
5.269146608315097957e+00
5.284463894967177389e+00
5.299781181619255932e+00
5.315098468271334475e+00
5.330415754923413019e+00
5.345733041575492450e+00
5.361050328227570994e+00
5.376367614879649537e+00
5.391684901531728080e+00
5.407002188183807512e+00
5.422319474835886055e+00
5.437636761487964598e+00
5.452954048140043142e+00
5.468271334792122573e+00
5.483588621444201117e+00
5.498905908096279660e+00
5.514223194748359091e+00
5.529540481400437635e+00
5.544857768052516178e+00
5.560175054704594721e+00
5.575492341356674153e+00
5.590809628008752696e+00
5.606126914660831240e+00
5.621444201312909783e+00
5.636761487964989215e+00
5.652078774617067758e+00
5.667396061269146301e+00
5.682713347921224845e+00
5.698030634573304276e+00
5.713347921225382819e+00
5.728665207877461363e+00
5.743982494529539906e+00
5.759299781181619338e+00
5.774617067833697881e+00
5.789934354485776424e+00
5.805251641137854968e+00
5.820568927789934399e+00
5.835886214442012943e+00
5.851203501094091486e+00
5.866520787746170029e+00
5.881838074398249461e+00
5.897155361050328004e+00
5.912472647702406547e+00
5.927789934354485979e+00
5.943107221006564522e+00
5.958424507658643066e+00
5.973741794310721609e+00
5.989059080962801040e+00
6.004376367614879584e+00
6.019693654266958127e+00
6.035010940919036670e+00
6.050328227571116102e+00
6.065645514223194645e+00
6.080962800875273189e+00
6.096280087527351732e+00
6.111597374179431164e+00
6.126914660831509707e+00
6.142231947483588250e+00
6.157549234135666794e+00
6.172866520787746225e+00
6.188183807439824768e+00
6.203501094091903312e+00
6.218818380743981855e+00
6.234135667396061287e+00
6.249452954048139830e+00
6.264770240700218373e+00
6.280087527352297805e+00
6.295404814004376348e+00
6.310722100656454892e+00
6.326039387308533435e+00
6.341356673960612866e+00
6.356673960612691410e+00
6.371991247264769953e+00
6.387308533916848496e+00
6.402625820568927928e+00
6.417943107221006471e+00
6.433260393873085015e+00
6.448577680525163558e+00
6.463894967177242989e+00
6.479212253829321533e+00
6.494529540481400076e+00
6.509846827133478619e+00
6.525164113785558051e+00
6.540481400437636594e+00
6.555798687089715138e+00
6.571115973741793681e+00
6.586433260393873113e+00
6.601750547045951656e+00
6.617067833698030199e+00
6.632385120350108743e+00
6.647702407002188174e+00
6.663019693654266717e+00
6.678336980306345261e+00
6.693654266958424692e+00
6.708971553610503236e+00
6.724288840262581779e+00
6.739606126914660322e+00
6.754923413566739754e+00
6.770240700218818297e+00
6.785557986870896841e+00
6.800875273522975384e+00
6.816192560175054815e+00
6.831509846827133359e+00
6.846827133479211902e+00
6.862144420131290445e+00
6.877461706783369877e+00
6.892778993435448420e+00
6.908096280087526964e+00
6.923413566739605507e+00
6.938730853391684938e+00
6.954048140043763482e+00
6.969365426695842025e+00
6.984682713347920568e+00
7.000000000000000000e+00
7.015317286652078543e+00
7.030634573304157087e+00
7.045951859956235630e+00
7.061269146608315062e+00
7.076586433260393605e+00
7.091903719912472148e+00
7.107221006564551580e+00
7.122538293216630123e+00
7.137855579868708666e+00
7.153172866520787210e+00
7.168490153172866641e+00
7.183807439824945185e+00
7.199124726477023728e+00
7.214442013129102271e+00
7.229759299781181703e+00
7.245076586433260246e+00
7.260393873085338790e+00
7.275711159737417333e+00
7.291028446389496764e+00
7.306345733041575308e+00
7.321663019693653851e+00
7.336980306345732394e+00
7.352297592997811826e+00
7.367614879649890369e+00
7.382932166301968913e+00
7.398249452954047456e+00
7.413566739606126887e+00
7.428884026258205431e+00
7.444201312910283974e+00
7.459518599562363406e+00
7.474835886214441949e+00
7.490153172866520492e+00
7.505470459518599036e+00
7.520787746170678467e+00
7.536105032822757011e+00
7.551422319474835554e+00
7.566739606126914097e+00
7.582056892778993529e+00
7.597374179431072072e+00
7.612691466083150615e+00
7.628008752735229159e+00
7.643326039387308590e+00
7.658643326039387134e+00
7.673960612691465677e+00
7.689277899343544220e+00
7.704595185995623652e+00
7.719912472647702195e+00
7.735229759299780739e+00
7.750547045951859282e+00
7.765864332603938713e+00
7.781181619256017257e+00
7.796498905908095800e+00
7.811816192560174343e+00
7.827133479212253775e+00
7.842450765864332318e+00
7.857768052516410862e+00
7.873085339168490293e+00
7.888402625820568836e+00
7.903719912472647380e+00
7.919037199124725923e+00
7.934354485776805355e+00
7.949671772428883898e+00
7.964989059080962441e+00
7.980306345733040985e+00
7.995623632385120416e+00
8.010940919037198071e+00
8.026258205689277503e+00
8.041575492341356934e+00
8.056892778993434590e+00
8.072210065645514021e+00
8.087527352297593453e+00
8.102844638949671108e+00
8.118161925601750539e+00
8.133479212253828194e+00
8.148796498905907626e+00
8.164113785557987057e+00
8.179431072210064713e+00
8.194748358862144144e+00
8.210065645514223576e+00
8.225382932166301231e+00
8.240700218818380662e+00
8.256017505470460094e+00
8.271334792122537749e+00
8.286652078774617181e+00
8.301969365426694836e+00
8.317286652078774267e+00
8.332603938730853699e+00
8.347921225382931354e+00
8.363238512035010785e+00
8.378555798687090217e+00
8.393873085339167872e+00
8.409190371991247304e+00
8.424507658643324959e+00
8.439824945295404390e+00
8.455142231947483822e+00
8.470459518599561477e+00
8.485776805251640909e+00
8.501094091903720340e+00
8.516411378555797995e+00
8.531728665207877427e+00
8.547045951859955082e+00
8.562363238512034513e+00
8.577680525164113945e+00
8.592997811816191600e+00
8.608315098468271032e+00
8.623632385120350463e+00
8.638949671772428118e+00
8.654266958424507550e+00
8.669584245076586981e+00
8.684901531728664636e+00
8.700218818380744068e+00
8.715536105032821723e+00
8.730853391684901155e+00
8.746170678336980586e+00
8.761487964989058241e+00
8.776805251641137673e+00
8.792122538293217104e+00
8.807439824945294760e+00
8.822757111597374191e+00
8.838074398249451846e+00
8.853391684901531278e+00
8.868708971553610709e+00
8.884026258205688364e+00
8.899343544857767796e+00
8.914660831509847227e+00
8.929978118161924883e+00
8.945295404814004314e+00
8.960612691466081969e+00
8.975929978118161401e+00
8.991247264770240832e+00
9.006564551422318488e+00
9.021881838074397919e+00
9.037199124726477351e+00
9.052516411378555006e+00
9.067833698030634437e+00
9.083150984682713869e+00
9.098468271334791524e+00
9.113785557986870955e+00
9.129102844638948611e+00
9.144420131291028042e+00
9.159737417943107474e+00
9.175054704595185129e+00
9.190371991247264560e+00
9.205689277899343992e+00
9.221006564551421647e+00
9.236323851203501079e+00
9.251641137855578734e+00
9.266958424507658165e+00
9.282275711159737597e+00
9.297592997811815252e+00
9.312910284463894683e+00
9.328227571115974115e+00
9.343544857768051770e+00
9.358862144420131202e+00
9.374179431072208857e+00
9.389496717724288288e+00
9.404814004376367720e+00
9.420131291028445375e+00
9.435448577680524807e+00
9.450765864332604238e+00
9.466083150984681893e+00
9.481400437636761325e+00
9.496717724288840756e+00
9.512035010940918411e+00
9.527352297592997843e+00
9.542669584245075498e+00
9.557986870897154930e+00
9.573304157549234361e+00
9.588621444201312016e+00
9.603938730853391448e+00
9.619256017505470879e+00
9.634573304157548534e+00
9.649890590809627966e+00
9.665207877461705621e+00
9.680525164113785053e+00
9.695842450765864484e+00
9.711159737417942139e+00
9.726477024070021571e+00
9.741794310722101002e+00
9.757111597374178658e+00
9.772428884026258089e+00
9.787746170678335744e+00
9.803063457330415176e+00
9.818380743982494607e+00
9.833698030634572262e+00
9.849015317286651694e+00
9.864332603938731125e+00
9.879649890590808781e+00
9.894967177242888212e+00
9.910284463894967644e+00
9.925601750547045299e+00
9.940919037199124730e+00
9.956236323851202386e+00
9.971553610503281817e+00
9.986870897155361249e+00
1.000218818380743890e+01
1.001750547045951834e+01
1.003282275711159777e+01
1.004814004376367542e+01
1.006345733041575485e+01
1.007877461706783251e+01
1.009409190371991194e+01
1.010940919037199137e+01
1.012472647702406903e+01
1.014004376367614846e+01
1.015536105032822789e+01
1.017067833698030555e+01
1.018599562363238498e+01
1.020131291028446441e+01
1.021663019693654206e+01
1.023194748358862149e+01
1.024726477024069915e+01
1.026258205689277858e+01
1.027789934354485801e+01
1.029321663019693567e+01
1.030853391684901510e+01
1.032385120350109453e+01
1.033916849015317219e+01
1.035448577680525162e+01
1.036980306345732927e+01
1.038512035010940870e+01
1.040043763676148814e+01
1.041575492341356579e+01
1.043107221006564522e+01
1.044638949671772465e+01
1.046170678336980231e+01
1.047702407002188174e+01
1.049234135667395940e+01
1.050765864332603883e+01
1.052297592997811826e+01
1.053829321663019591e+01
1.055361050328227535e+01
1.056892778993435478e+01
1.058424507658643243e+01
1.059956236323851186e+01
1.061487964989059130e+01
1.063019693654266895e+01
1.064551422319474838e+01
1.066083150984682604e+01
1.067614879649890547e+01
1.069146608315098490e+01
1.070678336980306256e+01
1.072210065645514199e+01
1.073741794310722142e+01
1.075273522975929907e+01
1.076805251641137851e+01
1.078336980306345616e+01
1.079868708971553559e+01
1.081400437636761502e+01
1.082932166301969268e+01
1.084463894967177211e+01
1.085995623632385154e+01
1.087527352297592920e+01
1.089059080962800863e+01
1.090590809628008628e+01
1.092122538293216572e+01
1.093654266958424515e+01
1.095185995623632280e+01
1.096717724288840223e+01
1.098249452954048166e+01
1.099781181619255932e+01
1.101312910284463875e+01
1.102844638949671818e+01
1.104376367614879584e+01
1.105908096280087527e+01
1.107439824945295292e+01
1.108971553610503236e+01
1.110503282275711179e+01
1.112035010940918944e+01
1.113566739606126887e+01
1.115098468271334831e+01
1.116630196936542596e+01
1.118161925601750539e+01
1.119693654266958305e+01
1.121225382932166248e+01
1.122757111597374191e+01
1.124288840262581957e+01
1.125820568927789900e+01
1.127352297592997843e+01
1.128884026258205608e+01
1.130415754923413552e+01
1.131947483588621317e+01
1.133479212253829260e+01
1.135010940919037203e+01
1.136542669584244969e+01
1.138074398249452912e+01
1.139606126914660855e+01
1.141137855579868621e+01
1.142669584245076564e+01
1.144201312910284507e+01
1.145733041575492273e+01
1.147264770240700216e+01
1.148796498905907981e+01
1.150328227571115924e+01
1.151859956236323868e+01
1.153391684901531633e+01
1.154923413566739576e+01
1.156455142231947519e+01
1.157986870897155285e+01
1.159518599562363228e+01
1.161050328227570994e+01
1.162582056892778937e+01
1.164113785557986880e+01
1.165645514223194645e+01
1.167177242888402589e+01
1.168708971553610532e+01
1.170240700218818297e+01
1.171772428884026240e+01
1.173304157549234006e+01
1.174835886214441949e+01
1.176367614879649892e+01
1.177899343544857658e+01
1.179431072210065601e+01
1.180962800875273544e+01
1.182494529540481309e+01
1.184026258205689253e+01
1.185557986870897196e+01
1.187089715536104961e+01
1.188621444201312904e+01
1.190153172866520670e+01
1.191684901531728613e+01
1.193216630196936556e+01
1.194748358862144322e+01
1.196280087527352265e+01
1.197811816192560208e+01
1.199343544857767974e+01
1.200875273522975917e+01
1.202407002188183682e+01
1.203938730853391625e+01
1.205470459518599569e+01
1.207002188183807334e+01
1.208533916849015277e+01
1.210065645514223220e+01
1.211597374179430986e+01
1.213129102844638929e+01
1.214660831509846695e+01
1.216192560175054638e+01
1.217724288840262581e+01
1.219256017505470346e+01
1.220787746170678290e+01
1.222319474835886233e+01
1.223851203501093998e+01
1.225382932166301941e+01
1.226914660831509885e+01
1.228446389496717650e+01
1.229978118161925593e+01
1.231509846827133359e+01
1.233041575492341302e+01
1.234573304157549245e+01
1.236105032822757011e+01
1.237636761487964954e+01
1.239168490153172897e+01
1.240700218818380662e+01
1.242231947483588606e+01
1.243763676148796371e+01
1.245295404814004314e+01
1.246827133479212257e+01
1.248358862144420023e+01
1.249890590809627966e+01
1.251422319474835909e+01
1.252954048140043675e+01
1.254485776805251618e+01
1.256017505470459561e+01
1.257549234135667326e+01
1.259080962800875270e+01
1.260612691466083035e+01
1.262144420131290978e+01
1.263676148796498921e+01
1.265207877461706687e+01
1.266739606126914630e+01
1.268271334792122573e+01
1.269803063457330339e+01
1.271334792122538282e+01
1.272866520787746047e+01
1.274398249452953991e+01
1.275929978118161934e+01
1.277461706783369699e+01
1.278993435448577642e+01
1.280525164113785586e+01
1.282056892778993351e+01
1.283588621444201294e+01
1.285120350109409060e+01
1.286652078774617003e+01
1.288183807439824946e+01
1.289715536105032712e+01
1.291247264770240655e+01
1.292778993435448598e+01
1.294310722100656363e+01
1.295842450765864307e+01
1.297374179431072250e+01
1.298905908096280015e+01
1.300437636761487958e+01
1.301969365426695724e+01
1.303501094091903667e+01
1.305032822757111610e+01
1.306564551422319376e+01
1.308096280087527319e+01
1.309628008752735262e+01
1.311159737417943028e+01
1.312691466083150971e+01
1.314223194748358736e+01
1.315754923413566679e+01
1.317286652078774623e+01
1.318818380743982388e+01
1.320350109409190331e+01
1.321881838074398274e+01
1.323413566739606040e+01
1.324945295404813983e+01
1.326477024070021749e+01
1.328008752735229692e+01
1.329540481400437635e+01
1.331072210065645400e+01
1.332603938730853343e+01
1.334135667396061287e+01
1.335667396061269052e+01
1.337199124726476995e+01
1.338730853391684938e+01
1.340262582056892704e+01
1.341794310722100647e+01
1.343326039387308413e+01
1.344857768052516356e+01
1.346389496717724299e+01
1.347921225382932064e+01
1.349452954048140008e+01
1.350984682713347951e+01
1.352516411378555716e+01
1.354048140043763659e+01
1.355579868708971425e+01
1.357111597374179368e+01
1.358643326039387311e+01
1.360175054704595077e+01
1.361706783369803020e+01
1.363238512035010963e+01
1.364770240700218729e+01
1.366301969365426672e+01
1.367833698030634437e+01
1.369365426695842380e+01
1.370897155361050324e+01
1.372428884026258089e+01
1.373960612691466032e+01
1.375492341356673975e+01
1.377024070021881741e+01
1.378555798687089684e+01
1.380087527352297627e+01
1.381619256017505393e+01
1.383150984682713336e+01
1.384682713347921101e+01
1.386214442013129045e+01
1.387746170678336988e+01
1.389277899343544753e+01
1.390809628008752696e+01
1.392341356673960640e+01
1.393873085339168405e+01
1.395404814004376348e+01
1.396936542669584114e+01
1.398468271334792057e+01
1.400000000000000000e+01
1.401531728665207766e+01
1.403063457330415709e+01
1.404595185995623652e+01
1.406126914660831417e+01
1.407658643326039360e+01
1.409190371991247126e+01
1.410722100656455069e+01
1.412253829321663012e+01
1.413785557986870778e+01
1.415317286652078721e+01
1.416849015317286664e+01
1.418380743982494430e+01
1.419912472647702373e+01
1.421444201312910316e+01
1.422975929978118081e+01
1.424507658643326025e+01
1.426039387308533790e+01
1.427571115973741733e+01
1.429102844638949676e+01
1.430634573304157442e+01
1.432166301969365385e+01
1.433698030634573328e+01
1.435229759299781094e+01
1.436761487964989037e+01
1.438293216630196802e+01
1.439824945295404746e+01
1.441356673960612689e+01
1.442888402625820454e+01
1.444420131291028397e+01
1.445951859956236341e+01
1.447483588621444106e+01
1.449015317286652049e+01
1.450547045951859815e+01
1.452078774617067758e+01
1.453610503282275701e+01
1.455142231947483467e+01
1.456673960612691410e+01
1.458205689277899353e+01
1.459737417943107118e+01
1.461269146608315062e+01
1.462800875273523005e+01
1.464332603938730770e+01
1.465864332603938713e+01
1.467396061269146479e+01
1.468927789934354422e+01
1.470459518599562365e+01
1.471991247264770131e+01
1.473522975929978074e+01
1.475054704595186017e+01
1.476586433260393783e+01
1.478118161925601726e+01
1.479649890590809491e+01
1.481181619256017434e+01
1.482713347921225377e+01
1.484245076586433143e+01
1.485776805251641086e+01
1.487308533916849029e+01
1.488840262582056795e+01
1.490371991247264738e+01
1.491903719912472681e+01
1.493435448577680447e+01
1.494967177242888390e+01
1.496498905908096155e+01
1.498030634573304098e+01
1.499562363238512042e+01
1.501094091903719807e+01
1.502625820568927750e+01
1.504157549234135693e+01
1.505689277899343459e+01
1.507221006564551402e+01
1.508752735229759168e+01
1.510284463894967111e+01
1.511816192560175054e+01
1.513347921225382819e+01
1.514879649890590763e+01
1.516411378555798706e+01
1.517943107221006471e+01
1.519474835886214414e+01
1.521006564551422180e+01
1.522538293216630123e+01
1.524070021881838066e+01
1.525601750547045832e+01
1.527133479212253775e+01
1.528665207877461718e+01
1.530196936542669484e+01
1.531728665207877427e+01
1.533260393873085370e+01
1.534792122538293135e+01
1.536323851203501079e+01
1.537855579868708844e+01
1.539387308533916787e+01
1.540919037199124730e+01
1.542450765864332496e+01
1.543982494529540439e+01
1.545514223194748382e+01
1.547045951859956148e+01
1.548577680525164091e+01
1.550109409190371856e+01
1.551641137855579800e+01
1.553172866520787743e+01
1.554704595185995508e+01
1.556236323851203451e+01
1.557768052516411394e+01
1.559299781181619160e+01
1.560831509846827103e+01
1.562363238512034869e+01
1.563894967177242812e+01
1.565426695842450755e+01
1.566958424507658520e+01
1.568490153172866464e+01
1.570021881838074407e+01
1.571553610503282172e+01
1.573085339168490115e+01
1.574617067833698059e+01
1.576148796498905824e+01
1.577680525164113767e+01
1.579212253829321533e+01
1.580743982494529476e+01
1.582275711159737419e+01
1.583807439824945185e+01
1.585339168490153128e+01
1.586870897155361071e+01
1.588402625820568836e+01
1.589934354485776780e+01
1.591466083150984545e+01
1.592997811816192488e+01
1.594529540481400431e+01
1.596061269146608197e+01
1.597592997811816140e+01
1.599124726477024083e+01
1.600656455142231849e+01
1.602188183807439614e+01
1.603719912472647735e+01
1.605251641137855501e+01
1.606783369803063266e+01
1.608315098468271387e+01
1.609846827133479152e+01
1.611378555798686918e+01
1.612910284463895039e+01
1.614442013129102804e+01
1.615973741794310570e+01
1.617505470459518691e+01
1.619037199124726456e+01
1.620568927789934222e+01
1.622100656455142342e+01
1.623632385120350108e+01
1.625164113785557873e+01
1.626695842450765639e+01
1.628227571115973760e+01
1.629759299781181525e+01
1.631291028446389291e+01
1.632822757111597411e+01
1.634354485776805177e+01
1.635886214442012943e+01
1.637417943107221063e+01
1.638949671772428829e+01
1.640481400437636594e+01
1.642013129102844715e+01
1.643544857768052481e+01
1.645076586433260246e+01
1.646608315098468367e+01
1.648140043763676132e+01
1.649671772428883898e+01
1.651203501094092019e+01
1.652735229759299784e+01
1.654266958424507550e+01
1.655798687089715315e+01
1.657330415754923436e+01
1.658862144420131202e+01
1.660393873085338967e+01
1.661925601750547088e+01
1.663457330415754853e+01
1.664989059080962619e+01
1.666520787746170740e+01
1.668052516411378505e+01
1.669584245076586271e+01
1.671115973741794392e+01
1.672647702407002157e+01
1.674179431072209923e+01
1.675711159737418043e+01
1.677242888402625809e+01
1.678774617067833574e+01
1.680306345733041340e+01
1.681838074398249461e+01
1.683369803063457226e+01
1.684901531728664992e+01
1.686433260393873113e+01
1.687964989059080878e+01
1.689496717724288644e+01
1.691028446389496764e+01
1.692560175054704530e+01
1.694091903719912295e+01
1.695623632385120416e+01
1.697155361050328182e+01
1.698687089715535947e+01
1.700218818380744068e+01
1.701750547045951834e+01
1.703282275711159599e+01
1.704814004376367720e+01
1.706345733041575485e+01
1.707877461706783251e+01
1.709409190371991016e+01
1.710940919037199137e+01
1.712472647702406903e+01
1.714004376367614668e+01
1.715536105032822789e+01
1.717067833698030555e+01
1.718599562363238320e+01
1.720131291028446441e+01
1.721663019693654206e+01
1.723194748358861972e+01
1.724726477024070093e+01
1.726258205689277858e+01
1.727789934354485624e+01
1.729321663019693744e+01
1.730853391684901510e+01
1.732385120350109275e+01
1.733916849015317396e+01
1.735448577680525162e+01
1.736980306345732927e+01
1.738512035010940693e+01
1.740043763676148814e+01
1.741575492341356579e+01
1.743107221006564345e+01
1.744638949671772465e+01
1.746170678336980231e+01
1.747702407002187996e+01
1.749234135667396117e+01
1.750765864332603883e+01
1.752297592997811648e+01
1.753829321663019769e+01
1.755361050328227535e+01
1.756892778993435300e+01
1.758424507658643421e+01
1.759956236323851186e+01
1.761487964989058952e+01
1.763019693654266717e+01
1.764551422319474838e+01
1.766083150984682604e+01
1.767614879649890369e+01
1.769146608315098490e+01
1.770678336980306256e+01
1.772210065645514021e+01
1.773741794310722142e+01
1.775273522975929907e+01
1.776805251641137673e+01
1.778336980306345794e+01
1.779868708971553559e+01
1.781400437636761325e+01
1.782932166301969445e+01
1.784463894967177211e+01
1.785995623632384977e+01
1.787527352297593097e+01
1.789059080962800863e+01
1.790590809628008628e+01
1.792122538293216394e+01
1.793654266958424515e+01
1.795185995623632280e+01
1.796717724288840046e+01
1.798249452954048166e+01
1.799781181619255932e+01
1.801312910284463698e+01
1.802844638949671818e+01
1.804376367614879584e+01
1.805908096280087349e+01
1.807439824945295470e+01
1.808971553610503236e+01
1.810503282275711001e+01
1.812035010940919122e+01
1.813566739606126887e+01
1.815098468271334653e+01
1.816630196936542774e+01
1.818161925601750539e+01
1.819693654266958305e+01
1.821225382932166070e+01
1.822757111597374191e+01
1.824288840262581957e+01
1.825820568927789722e+01
1.827352297592997843e+01
1.828884026258205608e+01
1.830415754923413374e+01
1.831947483588621495e+01
1.833479212253829260e+01
1.835010940919037026e+01
1.836542669584245147e+01
1.838074398249452912e+01
1.839606126914660678e+01
1.841137855579868798e+01
1.842669584245076564e+01
1.844201312910284329e+01
1.845733041575492450e+01
1.847264770240700216e+01
1.848796498905907981e+01
1.850328227571115747e+01
1.851859956236323868e+01
1.853391684901531633e+01
1.854923413566739399e+01
1.856455142231947519e+01
1.857986870897155285e+01
1.859518599562363050e+01
1.861050328227571171e+01
1.862582056892778937e+01
1.864113785557986702e+01
1.865645514223194823e+01
1.867177242888402589e+01
1.868708971553610354e+01
1.870240700218818475e+01
1.871772428884026240e+01
1.873304157549234006e+01
1.874835886214441771e+01
1.876367614879649892e+01
1.877899343544857658e+01
1.879431072210065423e+01
1.880962800875273544e+01
1.882494529540481309e+01
1.884026258205689075e+01
1.885557986870897196e+01
1.887089715536104961e+01
1.888621444201312727e+01
1.890153172866520848e+01
1.891684901531728613e+01
1.893216630196936379e+01
1.894748358862144499e+01
1.896280087527352265e+01
1.897811816192560030e+01
1.899343544857768151e+01
1.900875273522975917e+01
1.902407002188183682e+01
1.903938730853391448e+01
1.905470459518599569e+01
1.907002188183807334e+01
1.908533916849015100e+01
1.910065645514223220e+01
1.911597374179430986e+01
1.913129102844638751e+01
1.914660831509846872e+01
1.916192560175054638e+01
1.917724288840262403e+01
1.919256017505470524e+01
1.920787746170678290e+01
1.922319474835886055e+01
1.923851203501094176e+01
1.925382932166301941e+01
1.926914660831509707e+01
1.928446389496717828e+01
1.929978118161925593e+01
1.931509846827133359e+01
1.933041575492341124e+01
1.934573304157549245e+01
1.936105032822757011e+01
1.937636761487964776e+01
1.939168490153172897e+01
1.940700218818380662e+01
1.942231947483588428e+01
1.943763676148796549e+01
1.945295404814004314e+01
1.946827133479212080e+01
1.948358862144420200e+01
1.949890590809627966e+01
1.951422319474835732e+01
1.952954048140043852e+01
1.954485776805251618e+01
1.956017505470459383e+01
1.957549234135667149e+01
1.959080962800875270e+01
1.960612691466083035e+01
1.962144420131290801e+01
1.963676148796498921e+01
1.965207877461706687e+01
1.966739606126914452e+01
1.968271334792122573e+01
1.969803063457330339e+01
1.971334792122538104e+01
1.972866520787746225e+01
1.974398249452953991e+01
1.975929978118161756e+01
1.977461706783369877e+01
1.978993435448577642e+01
1.980525164113785408e+01
1.982056892778993529e+01
1.983588621444201294e+01
1.985120350109409060e+01
1.986652078774616825e+01
1.988183807439824946e+01
1.989715536105032712e+01
1.991247264770240477e+01
1.992778993435448598e+01
1.994310722100656363e+01
1.995842450765864129e+01
1.997374179431072250e+01
1.998905908096280015e+01
2.000437636761487781e+01
2.001969365426695902e+01
2.003501094091903667e+01
2.005032822757111433e+01
2.006564551422319553e+01
2.008096280087527319e+01
2.009628008752735084e+01
2.011159737417943205e+01
2.012691466083150971e+01
2.014223194748358736e+01
2.015754923413566502e+01
2.017286652078774623e+01
2.018818380743982388e+01
2.020350109409190154e+01
2.021881838074398274e+01
2.023413566739606040e+01
2.024945295404813805e+01
2.026477024070021926e+01
2.028008752735229692e+01
2.029540481400437457e+01
2.031072210065645578e+01
2.032603938730853343e+01
2.034135667396061109e+01
2.035667396061269230e+01
2.037199124726476995e+01
2.038730853391684761e+01
2.040262582056892882e+01
2.041794310722100647e+01
2.043326039387308413e+01
2.044857768052516178e+01
2.046389496717724299e+01
2.047921225382932064e+01
2.049452954048139830e+01
2.050984682713347951e+01
2.052516411378555716e+01
2.054048140043763482e+01
2.055579868708971603e+01
2.057111597374179368e+01
2.058643326039387134e+01
2.060175054704595254e+01
2.061706783369803020e+01
2.063238512035010785e+01
2.064770240700218906e+01
2.066301969365426672e+01
2.067833698030634437e+01
2.069365426695842203e+01
2.070897155361050324e+01
2.072428884026258089e+01
2.073960612691465855e+01
2.075492341356673975e+01
2.077024070021881741e+01
2.078555798687089506e+01
2.080087527352297627e+01
2.081619256017505393e+01
2.083150984682713158e+01
2.084682713347921279e+01
2.086214442013129045e+01
2.087746170678336810e+01
2.089277899343544931e+01
2.090809628008752696e+01
2.092341356673960462e+01
2.093873085339168583e+01
2.095404814004376348e+01
2.096936542669584114e+01
2.098468271334791879e+01
2.100000000000000000e+01
2.101531728665207766e+01
2.103063457330415531e+01
2.104595185995623652e+01
2.106126914660831417e+01
2.107658643326039183e+01
2.109190371991247304e+01
2.110722100656455069e+01
2.112253829321662835e+01
2.113785557986870955e+01
2.115317286652078721e+01
2.116849015317286486e+01
2.118380743982494607e+01
2.119912472647702373e+01
2.121444201312910138e+01
2.122975929978118259e+01
2.124507658643326025e+01
2.126039387308533790e+01
2.127571115973741556e+01
2.129102844638949676e+01
2.130634573304157442e+01
2.132166301969365207e+01
2.133698030634573328e+01
2.135229759299781094e+01
2.136761487964988859e+01
2.138293216630196980e+01
2.139824945295404746e+01
2.141356673960612511e+01
2.142888402625820632e+01
2.144420131291028397e+01
2.145951859956236163e+01
2.147483588621444284e+01
2.149015317286652049e+01
2.150547045951859815e+01
2.152078774617067580e+01
2.153610503282275701e+01
2.155142231947483467e+01
2.156673960612691232e+01
2.158205689277899353e+01
2.159737417943107118e+01
2.161269146608314884e+01
2.162800875273523005e+01
2.164332603938730770e+01
2.165864332603938536e+01
2.167396061269146657e+01
2.168927789934354422e+01
2.170459518599562188e+01
2.171991247264770308e+01
2.173522975929978074e+01
2.175054704595185839e+01
2.176586433260393960e+01
2.178118161925601726e+01
2.179649890590809491e+01
2.181181619256017257e+01
2.182713347921225377e+01
2.184245076586433143e+01
2.185776805251640909e+01
2.187308533916849029e+01
2.188840262582056795e+01
2.190371991247264560e+01
2.191903719912472681e+01
2.193435448577680447e+01
2.194967177242888212e+01
2.196498905908096333e+01
2.198030634573304098e+01
2.199562363238511864e+01
2.201094091903719985e+01
2.202625820568927750e+01
2.204157549234135516e+01
2.205689277899343637e+01
2.207221006564551402e+01
2.208752735229759168e+01
2.210284463894966933e+01
2.211816192560175054e+01
2.213347921225382819e+01
2.214879649890590585e+01
2.216411378555798706e+01
2.217943107221006471e+01
2.219474835886214237e+01
2.221006564551422358e+01
2.222538293216630123e+01
2.224070021881837889e+01
2.225601750547046009e+01
2.227133479212253775e+01
2.228665207877461540e+01
2.230196936542669661e+01
2.231728665207877427e+01
2.233260393873085192e+01
2.234792122538292958e+01
2.236323851203501079e+01
2.237855579868708844e+01
2.239387308533916610e+01
2.240919037199124730e+01
2.242450765864332496e+01
2.243982494529540261e+01
2.245514223194748382e+01
2.247045951859956148e+01
2.248577680525163913e+01
2.250109409190372034e+01
2.251641137855579800e+01
2.253172866520787565e+01
2.254704595185995686e+01
2.256236323851203451e+01
2.257768052516411217e+01
2.259299781181619338e+01
2.260831509846827103e+01
2.262363238512034869e+01
2.263894967177242634e+01
2.265426695842450755e+01
2.266958424507658520e+01
2.268490153172866286e+01
2.270021881838074407e+01
2.271553610503282172e+01
2.273085339168489938e+01
2.274617067833698059e+01
2.276148796498905824e+01
2.277680525164113590e+01
2.279212253829321710e+01
2.280743982494529476e+01
2.282275711159737241e+01
2.283807439824945362e+01
2.285339168490153128e+01
2.286870897155360893e+01
2.288402625820569014e+01
2.289934354485776780e+01
2.291466083150984545e+01
2.292997811816192311e+01
2.294529540481400431e+01
2.296061269146608197e+01
2.297592997811815962e+01
2.299124726477024083e+01
2.300656455142231849e+01
2.302188183807439614e+01
2.303719912472647735e+01
2.305251641137855501e+01
2.306783369803063266e+01
2.308315098468271387e+01
2.309846827133479152e+01
2.311378555798686918e+01
2.312910284463895039e+01
2.314442013129102804e+01
2.315973741794310570e+01
2.317505470459518691e+01
2.319037199124726456e+01
2.320568927789934222e+01
2.322100656455141987e+01
2.323632385120350108e+01
2.325164113785557873e+01
2.326695842450765639e+01
2.328227571115973760e+01
2.329759299781181525e+01
2.331291028446389291e+01
2.332822757111597411e+01
2.334354485776805177e+01
2.335886214442012943e+01
2.337417943107221063e+01
2.338949671772428829e+01
2.340481400437636594e+01
2.342013129102844715e+01
2.343544857768052481e+01
2.345076586433260246e+01
2.346608315098468012e+01
2.348140043763676132e+01
2.349671772428883898e+01
2.351203501094091664e+01
2.352735229759299784e+01
2.354266958424507550e+01
2.355798687089715315e+01
2.357330415754923436e+01
2.358862144420131202e+01
2.360393873085338967e+01
2.361925601750547088e+01
2.363457330415754853e+01
2.364989059080962619e+01
2.366520787746170740e+01
2.368052516411378505e+01
2.369584245076586271e+01
2.371115973741794392e+01
2.372647702407002157e+01
2.374179431072209923e+01
2.375711159737417688e+01
2.377242888402625809e+01
2.378774617067833574e+01
2.380306345733041340e+01
2.381838074398249461e+01
2.383369803063457226e+01
2.384901531728664992e+01
2.386433260393873113e+01
2.387964989059080878e+01
2.389496717724288644e+01
2.391028446389496764e+01
2.392560175054704530e+01
2.394091903719912295e+01
2.395623632385120416e+01
2.397155361050328182e+01
2.398687089715535947e+01
2.400218818380744068e+01
2.401750547045951834e+01
2.403282275711159599e+01
2.404814004376367365e+01
2.406345733041575485e+01
2.407877461706783251e+01
2.409409190371991016e+01
2.410940919037199137e+01
2.412472647702406903e+01
2.414004376367614668e+01
2.415536105032822789e+01
2.417067833698030555e+01
2.418599562363238320e+01
2.420131291028446441e+01
2.421663019693654206e+01
2.423194748358861972e+01
2.424726477024070093e+01
2.426258205689277858e+01
2.427789934354485624e+01
2.429321663019693389e+01
2.430853391684901510e+01
2.432385120350109275e+01
2.433916849015317041e+01
2.435448577680525162e+01
2.436980306345732927e+01
2.438512035010940693e+01
2.440043763676148814e+01
2.441575492341356579e+01
2.443107221006564345e+01
2.444638949671772465e+01
2.446170678336980231e+01
2.447702407002187996e+01
2.449234135667396117e+01
2.450765864332603883e+01
2.452297592997811648e+01
2.453829321663019769e+01
2.455361050328227535e+01
2.456892778993435300e+01
2.458424507658643066e+01
2.459956236323851186e+01
2.461487964989058952e+01
2.463019693654266717e+01
2.464551422319474838e+01
2.466083150984682604e+01
2.467614879649890369e+01
2.469146608315098490e+01
2.470678336980306256e+01
2.472210065645514021e+01
2.473741794310722142e+01
2.475273522975929907e+01
2.476805251641137673e+01
2.478336980306345794e+01
2.479868708971553559e+01
2.481400437636761325e+01
2.482932166301969445e+01
2.484463894967177211e+01
2.485995623632384977e+01
2.487527352297592742e+01
2.489059080962800863e+01
2.490590809628008628e+01
2.492122538293216394e+01
2.493654266958424515e+01
2.495185995623632280e+01
2.496717724288840046e+01
2.498249452954048166e+01
2.499781181619255932e+01
2.501312910284463698e+01
2.502844638949671818e+01
2.504376367614879584e+01
2.505908096280087349e+01
2.507439824945295470e+01
2.508971553610503236e+01
2.510503282275711001e+01
2.512035010940919122e+01
2.513566739606126887e+01
2.515098468271334653e+01
2.516630196936542418e+01
2.518161925601750539e+01
2.519693654266958305e+01
2.521225382932166070e+01
2.522757111597374191e+01
2.524288840262581957e+01
2.525820568927789722e+01
2.527352297592997843e+01
2.528884026258205608e+01
2.530415754923413374e+01
2.531947483588621495e+01
2.533479212253829260e+01
2.535010940919037026e+01
2.536542669584245147e+01
2.538074398249452912e+01
2.539606126914660678e+01
2.541137855579868443e+01
2.542669584245076564e+01
2.544201312910284329e+01
2.545733041575492095e+01
2.547264770240700216e+01
2.548796498905907981e+01
2.550328227571115747e+01
2.551859956236323868e+01
2.553391684901531633e+01
2.554923413566739399e+01
2.556455142231947519e+01
2.557986870897155285e+01
2.559518599562363050e+01
2.561050328227571171e+01
2.562582056892778937e+01
2.564113785557986702e+01
2.565645514223194823e+01
2.567177242888402589e+01
2.568708971553610354e+01
2.570240700218818120e+01
2.571772428884026240e+01
2.573304157549234006e+01
2.574835886214441771e+01
2.576367614879649892e+01
2.577899343544857658e+01
2.579431072210065423e+01
2.580962800875273544e+01
2.582494529540481309e+01
2.584026258205689075e+01
2.585557986870897196e+01
2.587089715536104961e+01
2.588621444201312727e+01
2.590153172866520848e+01
2.591684901531728613e+01
2.593216630196936379e+01
2.594748358862144499e+01
2.596280087527352265e+01
2.597811816192560030e+01
2.599343544857767796e+01
2.600875273522975917e+01
2.602407002188183682e+01
2.603938730853391448e+01
2.605470459518599569e+01
2.607002188183807334e+01
2.608533916849015100e+01
2.610065645514223220e+01
2.611597374179430986e+01
2.613129102844638751e+01
2.614660831509846872e+01
2.616192560175054638e+01
2.617724288840262403e+01
2.619256017505470524e+01
2.620787746170678290e+01
2.622319474835886055e+01
2.623851203501093821e+01
2.625382932166301941e+01
2.626914660831509707e+01
2.628446389496717472e+01
2.629978118161925593e+01
2.631509846827133359e+01
2.633041575492341124e+01
2.634573304157549245e+01
2.636105032822757011e+01
2.637636761487964776e+01
2.639168490153172897e+01
2.640700218818380662e+01
2.642231947483588428e+01
2.643763676148796549e+01
2.645295404814004314e+01
2.646827133479212080e+01
2.648358862144420200e+01
2.649890590809627966e+01
2.651422319474835732e+01
2.652954048140043497e+01
2.654485776805251618e+01
2.656017505470459383e+01
2.657549234135667149e+01
2.659080962800875270e+01
2.660612691466083035e+01
2.662144420131290801e+01
2.663676148796498921e+01
2.665207877461706687e+01
2.666739606126914452e+01
2.668271334792122573e+01
2.669803063457330339e+01
2.671334792122538104e+01
2.672866520787746225e+01
2.674398249452953991e+01
2.675929978118161756e+01
2.677461706783369877e+01
2.678993435448577642e+01
2.680525164113785408e+01
2.682056892778993173e+01
2.683588621444201294e+01
2.685120350109409060e+01
2.686652078774616825e+01
2.688183807439824946e+01
2.689715536105032712e+01
2.691247264770240477e+01
2.692778993435448598e+01
2.694310722100656363e+01
2.695842450765864129e+01
2.697374179431072250e+01
2.698905908096280015e+01
2.700437636761487781e+01
2.701969365426695902e+01
2.703501094091903667e+01
2.705032822757111433e+01
2.706564551422319553e+01
2.708096280087527319e+01
2.709628008752735084e+01
2.711159737417942850e+01
2.712691466083150971e+01
2.714223194748358736e+01
2.715754923413566502e+01
2.717286652078774623e+01
2.718818380743982388e+01
2.720350109409190154e+01
2.721881838074398274e+01
2.723413566739606040e+01
2.724945295404813805e+01
2.726477024070021926e+01
2.728008752735229692e+01
2.729540481400437457e+01
2.731072210065645578e+01
2.732603938730853343e+01
2.734135667396061109e+01
2.735667396061268875e+01
2.737199124726476995e+01
2.738730853391684761e+01
2.740262582056892526e+01
2.741794310722100647e+01
2.743326039387308413e+01
2.744857768052516178e+01
2.746389496717724299e+01
2.747921225382932064e+01
2.749452954048139830e+01
2.750984682713347951e+01
2.752516411378555716e+01
2.754048140043763482e+01
2.755579868708971603e+01
2.757111597374179368e+01
2.758643326039387134e+01
2.760175054704595254e+01
2.761706783369803020e+01
2.763238512035010785e+01
2.764770240700218551e+01
2.766301969365426672e+01
2.767833698030634437e+01
2.769365426695842203e+01
2.770897155361050324e+01
2.772428884026258089e+01
2.773960612691465855e+01
2.775492341356673975e+01
2.777024070021881741e+01
2.778555798687089506e+01
2.780087527352297627e+01
2.781619256017505393e+01
2.783150984682713158e+01
2.784682713347921279e+01
2.786214442013129045e+01
2.787746170678336810e+01
2.789277899343544931e+01
2.790809628008752696e+01
2.792341356673960462e+01
2.793873085339168227e+01
2.795404814004376348e+01
2.796936542669584114e+01
2.798468271334791879e+01
2.800000000000000000e+01
2.801531728665207766e+01
2.803063457330415531e+01
2.804595185995623652e+01
2.806126914660831417e+01
2.807658643326039183e+01
2.809190371991247304e+01
2.810722100656455069e+01
2.812253829321662835e+01
2.813785557986870955e+01
2.815317286652078721e+01
2.816849015317286486e+01
2.818380743982494252e+01
2.819912472647702373e+01
2.821444201312910138e+01
2.822975929978117904e+01
2.824507658643326025e+01
2.826039387308533790e+01
2.827571115973741556e+01
2.829102844638949676e+01
2.830634573304157442e+01
2.832166301969365207e+01
2.833698030634573328e+01
2.835229759299781094e+01
2.836761487964988859e+01
2.838293216630196980e+01
2.839824945295404746e+01
2.841356673960612511e+01
2.842888402625820632e+01
2.844420131291028397e+01
2.845951859956236163e+01
2.847483588621443928e+01
2.849015317286652049e+01
2.850547045951859815e+01
2.852078774617067580e+01
2.853610503282275701e+01
2.855142231947483467e+01
2.856673960612691232e+01
2.858205689277899353e+01
2.859737417943107118e+01
2.861269146608314884e+01
2.862800875273523005e+01
2.864332603938730770e+01
2.865864332603938536e+01
2.867396061269146657e+01
2.868927789934354422e+01
2.870459518599562188e+01
2.871991247264770308e+01
2.873522975929978074e+01
2.875054704595185839e+01
2.876586433260393605e+01
2.878118161925601726e+01
2.879649890590809491e+01
2.881181619256017257e+01
2.882713347921225377e+01
2.884245076586433143e+01
2.885776805251640909e+01
2.887308533916849029e+01
2.888840262582056795e+01
2.890371991247264560e+01
2.891903719912472681e+01
2.893435448577680447e+01
2.894967177242888212e+01
2.896498905908096333e+01
2.898030634573304098e+01
2.899562363238511864e+01
2.901094091903719629e+01
2.902625820568927750e+01
2.904157549234135516e+01
2.905689277899343281e+01
2.907221006564551402e+01
2.908752735229759168e+01
2.910284463894966933e+01
2.911816192560175054e+01
2.913347921225382819e+01
2.914879649890590585e+01
2.916411378555798706e+01
2.917943107221006471e+01
2.919474835886214237e+01
2.921006564551422358e+01
2.922538293216630123e+01
2.924070021881837889e+01
2.925601750547046009e+01
2.927133479212253775e+01
2.928665207877461540e+01
2.930196936542669306e+01
2.931728665207877427e+01
2.933260393873085192e+01
2.934792122538292958e+01
2.936323851203501079e+01
2.937855579868708844e+01
2.939387308533916610e+01
2.940919037199124730e+01
2.942450765864332496e+01
2.943982494529540261e+01
2.945514223194748382e+01
2.947045951859956148e+01
2.948577680525163913e+01
2.950109409190372034e+01
2.951641137855579800e+01
2.953172866520787565e+01
2.954704595185995686e+01
2.956236323851203451e+01
2.957768052516411217e+01
2.959299781181618982e+01
2.960831509846827103e+01
2.962363238512034869e+01
2.963894967177242634e+01
2.965426695842450755e+01
2.966958424507658520e+01
2.968490153172866286e+01
2.970021881838074407e+01
2.971553610503282172e+01
2.973085339168489938e+01
2.974617067833698059e+01
2.976148796498905824e+01
2.977680525164113590e+01
2.979212253829321710e+01
2.980743982494529476e+01
2.982275711159737241e+01
2.983807439824945362e+01
2.985339168490153128e+01
2.986870897155360893e+01
2.988402625820568659e+01
2.989934354485776780e+01
2.991466083150984545e+01
2.992997811816192311e+01
2.994529540481400431e+01
2.996061269146608197e+01
2.997592997811815962e+01
2.999124726477024083e+01
3.000656455142231849e+01
3.002188183807439614e+01
3.003719912472647735e+01
3.005251641137855501e+01
3.006783369803063266e+01
3.008315098468271387e+01
3.009846827133479152e+01
3.011378555798686918e+01
3.012910284463894683e+01
3.014442013129102804e+01
3.015973741794310570e+01
3.017505470459518335e+01
3.019037199124726456e+01
3.020568927789934222e+01
3.022100656455141987e+01
3.023632385120350108e+01
3.025164113785557873e+01
3.026695842450765639e+01
3.028227571115973760e+01
3.029759299781181525e+01
3.031291028446389291e+01
3.032822757111597411e+01
3.034354485776805177e+01
3.035886214442012943e+01
3.037417943107221063e+01
3.038949671772428829e+01
3.040481400437636594e+01
3.042013129102844360e+01
3.043544857768052481e+01
3.045076586433260246e+01
3.046608315098468012e+01
3.048140043763676132e+01
3.049671772428883898e+01
3.051203501094091664e+01
3.052735229759299784e+01
3.054266958424507550e+01
3.055798687089715315e+01
3.057330415754923436e+01
3.058862144420131202e+01
3.060393873085338967e+01
3.061925601750547088e+01
3.063457330415754853e+01
3.064989059080962619e+01
3.066520787746170740e+01
3.068052516411378505e+01
3.069584245076586271e+01
3.071115973741794036e+01
3.072647702407002157e+01
3.074179431072209923e+01
3.075711159737417688e+01
3.077242888402625809e+01
3.078774617067833574e+01
3.080306345733041340e+01
3.081838074398249461e+01
3.083369803063457226e+01
3.084901531728664992e+01
3.086433260393873113e+01
3.087964989059080878e+01
3.089496717724288644e+01
3.091028446389496764e+01
3.092560175054704530e+01
3.094091903719912295e+01
3.095623632385120061e+01
3.097155361050328182e+01
3.098687089715535947e+01
3.100218818380743713e+01
3.101750547045951834e+01
3.103282275711159599e+01
3.104814004376367365e+01
3.106345733041575485e+01
3.107877461706783251e+01
3.109409190371991016e+01
3.110940919037199137e+01
3.112472647702406903e+01
3.114004376367614668e+01
3.115536105032822789e+01
3.117067833698030555e+01
3.118599562363238320e+01
3.120131291028446441e+01
3.121663019693654206e+01
3.123194748358861972e+01
3.124726477024069737e+01
3.126258205689277858e+01
3.127789934354485624e+01
3.129321663019693389e+01
3.130853391684901510e+01
3.132385120350109275e+01
3.133916849015317041e+01
3.135448577680525162e+01
3.136980306345732927e+01
3.138512035010940693e+01
3.140043763676148814e+01
3.141575492341356579e+01
3.143107221006564345e+01
3.144638949671772465e+01
3.146170678336980231e+01
3.147702407002187996e+01
3.149234135667396117e+01
3.150765864332603883e+01
3.152297592997811648e+01
3.153829321663019414e+01
3.155361050328227535e+01
3.156892778993435300e+01
3.158424507658643066e+01
3.159956236323851186e+01
3.161487964989058952e+01
3.163019693654266717e+01
3.164551422319474838e+01
3.166083150984682604e+01
3.167614879649890369e+01
3.169146608315098490e+01
3.170678336980306256e+01
3.172210065645514021e+01
3.173741794310722142e+01
3.175273522975929907e+01
3.176805251641137673e+01
3.178336980306345794e+01
3.179868708971553559e+01
3.181400437636761325e+01
3.182932166301969090e+01
3.184463894967177211e+01
3.185995623632384977e+01
3.187527352297592742e+01
3.189059080962800863e+01
3.190590809628008628e+01
3.192122538293216394e+01
3.193654266958424515e+01
3.195185995623632280e+01
3.196717724288840046e+01
3.198249452954048166e+01
3.199781181619255932e+01
3.201312910284463698e+01
3.202844638949671463e+01
3.204376367614879229e+01
3.205908096280087705e+01
3.207439824945295470e+01
3.208971553610503236e+01
3.210503282275711001e+01
3.212035010940918767e+01
3.213566739606126532e+01
3.215098468271335008e+01
3.216630196936542774e+01
3.218161925601750539e+01
3.219693654266958305e+01
3.221225382932166070e+01
3.222757111597373836e+01
3.224288840262581601e+01
3.225820568927790077e+01
3.227352297592997843e+01
3.228884026258205608e+01
3.230415754923413374e+01
3.231947483588621139e+01
3.233479212253828905e+01
3.235010940919037381e+01
3.236542669584245147e+01
3.238074398249452912e+01
3.239606126914660678e+01
3.241137855579868443e+01
3.242669584245076209e+01
3.244201312910284685e+01
3.245733041575492450e+01
3.247264770240700216e+01
3.248796498905907981e+01
3.250328227571115747e+01
3.251859956236323512e+01
3.253391684901531278e+01
3.254923413566739754e+01
3.256455142231947519e+01
3.257986870897155285e+01
3.259518599562363050e+01
3.261050328227570816e+01
3.262582056892778581e+01
3.264113785557987057e+01
3.265645514223194823e+01
3.267177242888402589e+01
3.268708971553610354e+01
3.270240700218818120e+01
3.271772428884025885e+01
3.273304157549234361e+01
3.274835886214442127e+01
3.276367614879649892e+01
3.277899343544857658e+01
3.279431072210065423e+01
3.280962800875273189e+01
3.282494529540480954e+01
3.284026258205689430e+01
3.285557986870897196e+01
3.287089715536104961e+01
3.288621444201312727e+01
3.290153172866520492e+01
3.291684901531728258e+01
3.293216630196936734e+01
3.294748358862144499e+01
3.296280087527352265e+01
3.297811816192560030e+01
3.299343544857767796e+01
3.300875273522975561e+01
3.302407002188184038e+01
3.303938730853391803e+01
3.305470459518599569e+01
3.307002188183807334e+01
3.308533916849015100e+01
3.310065645514222865e+01
3.311597374179430631e+01
3.313129102844639107e+01
3.314660831509846872e+01
3.316192560175054638e+01
3.317724288840262403e+01
3.319256017505470169e+01
3.320787746170677934e+01
3.322319474835886410e+01
3.323851203501094176e+01
3.325382932166301941e+01
3.326914660831509707e+01
3.328446389496717472e+01
3.329978118161925238e+01
3.331509846827133003e+01
3.333041575492341480e+01
3.334573304157549245e+01
3.336105032822757011e+01
3.337636761487964776e+01
3.339168490153172542e+01
3.340700218818380307e+01
3.342231947483588783e+01
3.343763676148796549e+01
3.345295404814004314e+01
3.346827133479212080e+01
3.348358862144419845e+01
3.349890590809627611e+01
3.351422319474836087e+01
3.352954048140043852e+01
3.354485776805251618e+01
3.356017505470459383e+01
3.357549234135667149e+01
3.359080962800874914e+01
3.360612691466082680e+01
3.362144420131291156e+01
3.363676148796498921e+01
3.365207877461706687e+01
3.366739606126914452e+01
3.368271334792122218e+01
3.369803063457329984e+01
3.371334792122538460e+01
3.372866520787746225e+01
3.374398249452953991e+01
3.375929978118161756e+01
3.377461706783369522e+01
3.378993435448577287e+01
3.380525164113785763e+01
3.382056892778993529e+01
3.383588621444201294e+01
3.385120350109409060e+01
3.386652078774616825e+01
3.388183807439824591e+01
3.389715536105032356e+01
3.391247264770240832e+01
3.392778993435448598e+01
3.394310722100656363e+01
3.395842450765864129e+01
3.397374179431071894e+01
3.398905908096279660e+01
3.400437636761488136e+01
3.401969365426695902e+01
3.403501094091903667e+01
3.405032822757111433e+01
3.406564551422319198e+01
3.408096280087526964e+01
3.409628008752735440e+01
3.411159737417943205e+01
3.412691466083150971e+01
3.414223194748358736e+01
3.415754923413566502e+01
3.417286652078774267e+01
3.418818380743982033e+01
3.420350109409190509e+01
3.421881838074398274e+01
3.423413566739606040e+01
3.424945295404813805e+01
3.426477024070021571e+01
3.428008752735229336e+01
3.429540481400437812e+01
3.431072210065645578e+01
3.432603938730853343e+01
3.434135667396061109e+01
3.435667396061268875e+01
3.437199124726476640e+01
3.438730853391685116e+01
3.440262582056892882e+01
3.441794310722100647e+01
3.443326039387308413e+01
3.444857768052516178e+01
3.446389496717723944e+01
3.447921225382931709e+01
3.449452954048140185e+01
3.450984682713347951e+01
3.452516411378555716e+01
3.454048140043763482e+01
3.455579868708971247e+01
3.457111597374179013e+01
3.458643326039387489e+01
3.460175054704595254e+01
3.461706783369803020e+01
3.463238512035010785e+01
3.464770240700218551e+01
3.466301969365426316e+01
3.467833698030634793e+01
3.469365426695842558e+01
3.470897155361050324e+01
3.472428884026258089e+01
3.473960612691465855e+01
3.475492341356673620e+01
3.477024070021881386e+01
3.478555798687089862e+01
3.480087527352297627e+01
3.481619256017505393e+01
3.483150984682713158e+01
3.484682713347920924e+01
3.486214442013128689e+01
3.487746170678337165e+01
3.489277899343544931e+01
3.490809628008752696e+01
3.492341356673960462e+01
3.493873085339168227e+01
3.495404814004375993e+01
3.496936542669584469e+01
3.498468271334792234e+01
3.500000000000000000e+01
3.501531728665207766e+01
3.503063457330415531e+01
3.504595185995623297e+01
3.506126914660831062e+01
3.507658643326039538e+01
3.509190371991247304e+01
3.510722100656455069e+01
3.512253829321662835e+01
3.513785557986870600e+01
3.515317286652078366e+01
3.516849015317286842e+01
3.518380743982494607e+01
3.519912472647702373e+01
3.521444201312910138e+01
3.522975929978117904e+01
3.524507658643325669e+01
3.526039387308533435e+01
3.527571115973741911e+01
3.529102844638949676e+01
3.530634573304157442e+01
3.532166301969365207e+01
3.533698030634572973e+01
3.535229759299780739e+01
3.536761487964989215e+01
3.538293216630196980e+01
3.539824945295404746e+01
3.541356673960612511e+01
3.542888402625820277e+01
3.544420131291028042e+01
3.545951859956236518e+01
3.547483588621444284e+01
3.549015317286652049e+01
3.550547045951859815e+01
3.552078774617067580e+01
3.553610503282275346e+01
3.555142231947483111e+01
3.556673960612691587e+01
3.558205689277899353e+01
3.559737417943107118e+01
3.561269146608314884e+01
3.562800875273522649e+01
3.564332603938730415e+01
3.565864332603938891e+01
3.567396061269146657e+01
3.568927789934354422e+01
3.570459518599562188e+01
3.571991247264769953e+01
3.573522975929977719e+01
3.575054704595186195e+01
3.576586433260393960e+01
3.578118161925601726e+01
3.579649890590809491e+01
3.581181619256017257e+01
3.582713347921225022e+01
3.584245076586432788e+01
3.585776805251641264e+01
3.587308533916849029e+01
3.588840262582056795e+01
3.590371991247264560e+01
3.591903719912472326e+01
3.593435448577680091e+01
3.594967177242888567e+01
3.596498905908096333e+01
3.598030634573304098e+01
3.599562363238511864e+01
3.601094091903719629e+01
3.602625820568927395e+01
3.604157549234135871e+01
3.605689277899343637e+01
3.607221006564551402e+01
3.608752735229759168e+01
3.610284463894966933e+01
3.611816192560174699e+01
3.613347921225382464e+01
3.614879649890590940e+01
3.616411378555798706e+01
3.617943107221006471e+01
3.619474835886214237e+01
3.621006564551422002e+01
3.622538293216629768e+01
3.624070021881838244e+01
3.625601750547046009e+01
3.627133479212253775e+01
3.628665207877461540e+01
3.630196936542669306e+01
3.631728665207877071e+01
3.633260393873085548e+01
3.634792122538293313e+01
3.636323851203501079e+01
3.637855579868708844e+01
3.639387308533916610e+01
3.640919037199124375e+01
3.642450765864332141e+01
3.643982494529540617e+01
3.645514223194748382e+01
3.647045951859956148e+01
3.648577680525163913e+01
3.650109409190371679e+01
3.651641137855579444e+01
3.653172866520787920e+01
3.654704595185995686e+01
3.656236323851203451e+01
3.657768052516411217e+01
3.659299781181618982e+01
3.660831509846826748e+01
3.662363238512035224e+01
3.663894967177242989e+01
3.665426695842450755e+01
3.666958424507658520e+01
3.668490153172866286e+01
3.670021881838074052e+01
3.671553610503281817e+01
3.673085339168490293e+01
3.674617067833698059e+01
3.676148796498905824e+01
3.677680525164113590e+01
3.679212253829321355e+01
3.680743982494529121e+01
3.682275711159737597e+01
3.683807439824945362e+01
3.685339168490153128e+01
3.686870897155360893e+01
3.688402625820568659e+01
3.689934354485776424e+01
3.691466083150984900e+01
3.692997811816192666e+01
3.694529540481400431e+01
3.696061269146608197e+01
3.697592997811815962e+01
3.699124726477023728e+01
3.700656455142231493e+01
3.702188183807439970e+01
3.703719912472647735e+01
3.705251641137855501e+01
3.706783369803063266e+01
3.708315098468271032e+01
3.709846827133478797e+01
3.711378555798687273e+01
3.712910284463895039e+01
3.714442013129102804e+01
3.715973741794310570e+01
3.717505470459518335e+01
3.719037199124726101e+01
3.720568927789933866e+01
3.722100656455142342e+01
3.723632385120350108e+01
3.725164113785557873e+01
3.726695842450765639e+01
3.728227571115973404e+01
3.729759299781181170e+01
3.731291028446389646e+01
3.732822757111597411e+01
3.734354485776805177e+01
3.735886214442012943e+01
3.737417943107220708e+01
3.738949671772428474e+01
3.740481400437636950e+01
3.742013129102844715e+01
3.743544857768052481e+01
3.745076586433260246e+01
3.746608315098468012e+01
3.748140043763675777e+01
3.749671772428883543e+01
3.751203501094092019e+01
3.752735229759299784e+01
3.754266958424507550e+01
3.755798687089715315e+01
3.757330415754923081e+01
3.758862144420130846e+01
3.760393873085339322e+01
3.761925601750547088e+01
3.763457330415754853e+01
3.764989059080962619e+01
3.766520787746170384e+01
3.768052516411378150e+01
3.769584245076586626e+01
3.771115973741794392e+01
3.772647702407002157e+01
3.774179431072209923e+01
3.775711159737417688e+01
3.777242888402625454e+01
3.778774617067833219e+01
3.780306345733041695e+01
3.781838074398249461e+01
3.783369803063457226e+01
3.784901531728664992e+01
3.786433260393872757e+01
3.787964989059080523e+01
3.789496717724288999e+01
3.791028446389496764e+01
3.792560175054704530e+01
3.794091903719912295e+01
3.795623632385120061e+01
3.797155361050327826e+01
3.798687089715536302e+01
3.800218818380744068e+01
3.801750547045951834e+01
3.803282275711159599e+01
3.804814004376367365e+01
3.806345733041575130e+01
3.807877461706782896e+01
3.809409190371991372e+01
3.810940919037199137e+01
3.812472647702406903e+01
3.814004376367614668e+01
3.815536105032822434e+01
3.817067833698030199e+01
3.818599562363238675e+01
3.820131291028446441e+01
3.821663019693654206e+01
3.823194748358861972e+01
3.824726477024069737e+01
3.826258205689277503e+01
3.827789934354485979e+01
3.829321663019693744e+01
3.830853391684901510e+01
3.832385120350109275e+01
3.833916849015317041e+01
3.835448577680524807e+01
3.836980306345732572e+01
3.838512035010941048e+01
3.840043763676148814e+01
3.841575492341356579e+01
3.843107221006564345e+01
3.844638949671772110e+01
3.846170678336979876e+01
3.847702407002188352e+01
3.849234135667396117e+01
3.850765864332603883e+01
3.852297592997811648e+01
3.853829321663019414e+01
3.855361050328227179e+01
3.856892778993435655e+01
3.858424507658643421e+01
3.859956236323851186e+01
3.861487964989058952e+01
3.863019693654266717e+01
3.864551422319474483e+01
3.866083150984682248e+01
3.867614879649890725e+01
3.869146608315098490e+01
3.870678336980306256e+01
3.872210065645514021e+01
3.873741794310721787e+01
3.875273522975929552e+01
3.876805251641138028e+01
3.878336980306345794e+01
3.879868708971553559e+01
3.881400437636761325e+01
3.882932166301969090e+01
3.884463894967176856e+01
3.885995623632385332e+01
3.887527352297593097e+01
3.889059080962800863e+01
3.890590809628008628e+01
3.892122538293216394e+01
3.893654266958424159e+01
3.895185995623631925e+01
3.896717724288840401e+01
3.898249452954048166e+01
3.899781181619255932e+01
3.901312910284463698e+01
3.902844638949671463e+01
3.904376367614879229e+01
3.905908096280087705e+01
3.907439824945295470e+01
3.908971553610503236e+01
3.910503282275711001e+01
3.912035010940918767e+01
3.913566739606126532e+01
3.915098468271334298e+01
3.916630196936542774e+01
3.918161925601750539e+01
3.919693654266958305e+01
3.921225382932166070e+01
3.922757111597373836e+01
3.924288840262581601e+01
3.925820568927790077e+01
3.927352297592997843e+01
3.928884026258205608e+01
3.930415754923413374e+01
3.931947483588621139e+01
3.933479212253828905e+01
3.935010940919037381e+01
3.936542669584245147e+01
3.938074398249452912e+01
3.939606126914660678e+01
3.941137855579868443e+01
3.942669584245076209e+01
3.944201312910283974e+01
3.945733041575492450e+01
3.947264770240700216e+01
3.948796498905907981e+01
3.950328227571115747e+01
3.951859956236323512e+01
3.953391684901531278e+01
3.954923413566739754e+01
3.956455142231947519e+01
3.957986870897155285e+01
3.959518599562363050e+01
3.961050328227570816e+01
3.962582056892778581e+01
3.964113785557987057e+01
3.965645514223194823e+01
3.967177242888402589e+01
3.968708971553610354e+01
3.970240700218818120e+01
3.971772428884025885e+01
3.973304157549233651e+01
3.974835886214442127e+01
3.976367614879649892e+01
3.977899343544857658e+01
3.979431072210065423e+01
3.980962800875273189e+01
3.982494529540480954e+01
3.984026258205689430e+01
3.985557986870897196e+01
3.987089715536104961e+01
3.988621444201312727e+01
3.990153172866520492e+01
3.991684901531728258e+01
3.993216630196936734e+01
3.994748358862144499e+01
3.996280087527352265e+01
3.997811816192560030e+01
3.999343544857767796e+01
4.000875273522975561e+01
4.002407002188183327e+01
4.003938730853391803e+01
4.005470459518599569e+01
4.007002188183807334e+01
4.008533916849015100e+01
4.010065645514222865e+01
4.011597374179430631e+01
4.013129102844639107e+01
4.014660831509846872e+01
4.016192560175054638e+01
4.017724288840262403e+01
4.019256017505470169e+01
4.020787746170677934e+01
4.022319474835886410e+01
4.023851203501094176e+01
4.025382932166301941e+01
4.026914660831509707e+01
4.028446389496717472e+01
4.029978118161925238e+01
4.031509846827133003e+01
4.033041575492341480e+01
4.034573304157549245e+01
4.036105032822757011e+01
4.037636761487964776e+01
4.039168490153172542e+01
4.040700218818380307e+01
4.042231947483588783e+01
4.043763676148796549e+01
4.045295404814004314e+01
4.046827133479212080e+01
4.048358862144419845e+01
4.049890590809627611e+01
4.051422319474836087e+01
4.052954048140043852e+01
4.054485776805251618e+01
4.056017505470459383e+01
4.057549234135667149e+01
4.059080962800874914e+01
4.060612691466082680e+01
4.062144420131291156e+01
4.063676148796498921e+01
4.065207877461706687e+01
4.066739606126914452e+01
4.068271334792122218e+01
4.069803063457329984e+01
4.071334792122538460e+01
4.072866520787746225e+01
4.074398249452953991e+01
4.075929978118161756e+01
4.077461706783369522e+01
4.078993435448577287e+01
4.080525164113785763e+01
4.082056892778993529e+01
4.083588621444201294e+01
4.085120350109409060e+01
4.086652078774616825e+01
4.088183807439824591e+01
4.089715536105032356e+01
4.091247264770240832e+01
4.092778993435448598e+01
4.094310722100656363e+01
4.095842450765864129e+01
4.097374179431071894e+01
4.098905908096279660e+01
4.100437636761488136e+01
4.101969365426695902e+01
4.103501094091903667e+01
4.105032822757111433e+01
4.106564551422319198e+01
4.108096280087526964e+01
4.109628008752734729e+01
4.111159737417943205e+01
4.112691466083150971e+01
4.114223194748358736e+01
4.115754923413566502e+01
4.117286652078774267e+01
4.118818380743982033e+01
4.120350109409190509e+01
4.121881838074398274e+01
4.123413566739606040e+01
4.124945295404813805e+01
4.126477024070021571e+01
4.128008752735229336e+01
4.129540481400437812e+01
4.131072210065645578e+01
4.132603938730853343e+01
4.134135667396061109e+01
4.135667396061268875e+01
4.137199124726476640e+01
4.138730853391684406e+01
4.140262582056892882e+01
4.141794310722100647e+01
4.143326039387308413e+01
4.144857768052516178e+01
4.146389496717723944e+01
4.147921225382931709e+01
4.149452954048140185e+01
4.150984682713347951e+01
4.152516411378555716e+01
4.154048140043763482e+01
4.155579868708971247e+01
4.157111597374179013e+01
4.158643326039387489e+01
4.160175054704595254e+01
4.161706783369803020e+01
4.163238512035010785e+01
4.164770240700218551e+01
4.166301969365426316e+01
4.167833698030634082e+01
4.169365426695842558e+01
4.170897155361050324e+01
4.172428884026258089e+01
4.173960612691465855e+01
4.175492341356673620e+01
4.177024070021881386e+01
4.178555798687089862e+01
4.180087527352297627e+01
4.181619256017505393e+01
4.183150984682713158e+01
4.184682713347920924e+01
4.186214442013128689e+01
4.187746170678337165e+01
4.189277899343544931e+01
4.190809628008752696e+01
4.192341356673960462e+01
4.193873085339168227e+01
4.195404814004375993e+01
4.196936542669583758e+01
4.198468271334792234e+01
4.200000000000000000e+01
4.201531728665207766e+01
4.203063457330415531e+01
4.204595185995623297e+01
4.206126914660831062e+01
4.207658643326039538e+01
4.209190371991247304e+01
4.210722100656455069e+01
4.212253829321662835e+01
4.213785557986870600e+01
4.215317286652078366e+01
4.216849015317286842e+01
4.218380743982494607e+01
4.219912472647702373e+01
4.221444201312910138e+01
4.222975929978117904e+01
4.224507658643325669e+01
4.226039387308533435e+01
4.227571115973741911e+01
4.229102844638949676e+01
4.230634573304157442e+01
4.232166301969365207e+01
4.233698030634572973e+01
4.235229759299780739e+01
4.236761487964989215e+01
4.238293216630196980e+01
4.239824945295404746e+01
4.241356673960612511e+01
4.242888402625820277e+01
4.244420131291028042e+01
4.245951859956236518e+01
4.247483588621444284e+01
4.249015317286652049e+01
4.250547045951859815e+01
4.252078774617067580e+01
4.253610503282275346e+01
4.255142231947483111e+01
4.256673960612691587e+01
4.258205689277899353e+01
4.259737417943107118e+01
4.261269146608314884e+01
4.262800875273522649e+01
4.264332603938730415e+01
4.265864332603938891e+01
4.267396061269146657e+01
4.268927789934354422e+01
4.270459518599562188e+01
4.271991247264769953e+01
4.273522975929977719e+01
4.275054704595186195e+01
4.276586433260393960e+01
4.278118161925601726e+01
4.279649890590809491e+01
4.281181619256017257e+01
4.282713347921225022e+01
4.284245076586432788e+01
4.285776805251641264e+01
4.287308533916849029e+01
4.288840262582056795e+01
4.290371991247264560e+01
4.291903719912472326e+01
4.293435448577680091e+01
4.294967177242888567e+01
4.296498905908096333e+01
4.298030634573304098e+01
4.299562363238511864e+01
4.301094091903719629e+01
4.302625820568927395e+01
4.304157549234135161e+01
4.305689277899343637e+01
4.307221006564551402e+01
4.308752735229759168e+01
4.310284463894966933e+01
4.311816192560174699e+01
4.313347921225382464e+01
4.314879649890590940e+01
4.316411378555798706e+01
4.317943107221006471e+01
4.319474835886214237e+01
4.321006564551422002e+01
4.322538293216629768e+01
4.324070021881838244e+01
4.325601750547046009e+01
4.327133479212253775e+01
4.328665207877461540e+01
4.330196936542669306e+01
4.331728665207877071e+01
4.333260393873084837e+01
4.334792122538293313e+01
4.336323851203501079e+01
4.337855579868708844e+01
4.339387308533916610e+01
4.340919037199124375e+01
4.342450765864332141e+01
4.343982494529540617e+01
4.345514223194748382e+01
4.347045951859956148e+01
4.348577680525163913e+01
4.350109409190371679e+01
4.351641137855579444e+01
4.353172866520787920e+01
4.354704595185995686e+01
4.356236323851203451e+01
4.357768052516411217e+01
4.359299781181618982e+01
4.360831509846826748e+01
4.362363238512034513e+01
4.363894967177242989e+01
4.365426695842450755e+01
4.366958424507658520e+01
4.368490153172866286e+01
4.370021881838074052e+01
4.371553610503281817e+01
4.373085339168490293e+01
4.374617067833698059e+01
4.376148796498905824e+01
4.377680525164113590e+01
4.379212253829321355e+01
4.380743982494529121e+01
4.382275711159737597e+01
4.383807439824945362e+01
4.385339168490153128e+01
4.386870897155360893e+01
4.388402625820568659e+01
4.389934354485776424e+01
4.391466083150984190e+01
4.392997811816192666e+01
4.394529540481400431e+01
4.396061269146608197e+01
4.397592997811815962e+01
4.399124726477023728e+01
4.400656455142231493e+01
4.402188183807439970e+01
4.403719912472647735e+01
4.405251641137855501e+01
4.406783369803063266e+01
4.408315098468271032e+01
4.409846827133478797e+01
4.411378555798687273e+01
4.412910284463895039e+01
4.414442013129102804e+01
4.415973741794310570e+01
4.417505470459518335e+01
4.419037199124726101e+01
4.420568927789933866e+01
4.422100656455142342e+01
4.423632385120350108e+01
4.425164113785557873e+01
4.426695842450765639e+01
4.428227571115973404e+01
4.429759299781181170e+01
4.431291028446389646e+01
4.432822757111597411e+01
4.434354485776805177e+01
4.435886214442012943e+01
4.437417943107220708e+01
4.438949671772428474e+01
4.440481400437636950e+01
4.442013129102844715e+01
4.443544857768052481e+01
4.445076586433260246e+01
4.446608315098468012e+01
4.448140043763675777e+01
4.449671772428883543e+01
4.451203501094092019e+01
4.452735229759299784e+01
4.454266958424507550e+01
4.455798687089715315e+01
4.457330415754923081e+01
4.458862144420130846e+01
4.460393873085339322e+01
4.461925601750547088e+01
4.463457330415754853e+01
4.464989059080962619e+01
4.466520787746170384e+01
4.468052516411378150e+01
4.469584245076585916e+01
4.471115973741794392e+01
4.472647702407002157e+01
4.474179431072209923e+01
4.475711159737417688e+01
4.477242888402625454e+01
4.478774617067833219e+01
4.480306345733041695e+01
4.481838074398249461e+01
4.483369803063457226e+01
4.484901531728664992e+01
4.486433260393872757e+01
4.487964989059080523e+01
4.489496717724288999e+01
4.491028446389496764e+01
4.492560175054704530e+01
4.494091903719912295e+01
4.495623632385120061e+01
4.497155361050327826e+01
4.498687089715535592e+01
4.500218818380744068e+01
4.501750547045951834e+01
4.503282275711159599e+01
4.504814004376367365e+01
4.506345733041575130e+01
4.507877461706782896e+01
4.509409190371991372e+01
4.510940919037199137e+01
4.512472647702406903e+01
4.514004376367614668e+01
4.515536105032822434e+01
4.517067833698030199e+01
4.518599562363238675e+01
4.520131291028446441e+01
4.521663019693654206e+01
4.523194748358861972e+01
4.524726477024069737e+01
4.526258205689277503e+01
4.527789934354485268e+01
4.529321663019693744e+01
4.530853391684901510e+01
4.532385120350109275e+01
4.533916849015317041e+01
4.535448577680524807e+01
4.536980306345732572e+01
4.538512035010941048e+01
4.540043763676148814e+01
4.541575492341356579e+01
4.543107221006564345e+01
4.544638949671772110e+01
4.546170678336979876e+01
4.547702407002188352e+01
4.549234135667396117e+01
4.550765864332603883e+01
4.552297592997811648e+01
4.553829321663019414e+01
4.555361050328227179e+01
4.556892778993434945e+01
4.558424507658643421e+01
4.559956236323851186e+01
4.561487964989058952e+01
4.563019693654266717e+01
4.564551422319474483e+01
4.566083150984682248e+01
4.567614879649890725e+01
4.569146608315098490e+01
4.570678336980306256e+01
4.572210065645514021e+01
4.573741794310721787e+01
4.575273522975929552e+01
4.576805251641138028e+01
4.578336980306345794e+01
4.579868708971553559e+01
4.581400437636761325e+01
4.582932166301969090e+01
4.584463894967176856e+01
4.585995623632384621e+01
4.587527352297593097e+01
4.589059080962800863e+01
4.590590809628008628e+01
4.592122538293216394e+01
4.593654266958424159e+01
4.595185995623631925e+01
4.596717724288840401e+01
4.598249452954048166e+01
4.599781181619255932e+01
4.601312910284463698e+01
4.602844638949671463e+01
4.604376367614879229e+01
4.605908096280087705e+01
4.607439824945295470e+01
4.608971553610503236e+01
4.610503282275711001e+01
4.612035010940918767e+01
4.613566739606126532e+01
4.615098468271334298e+01
4.616630196936542774e+01
4.618161925601750539e+01
4.619693654266958305e+01
4.621225382932166070e+01
4.622757111597373836e+01
4.624288840262581601e+01
4.625820568927790077e+01
4.627352297592997843e+01
4.628884026258205608e+01
4.630415754923413374e+01
4.631947483588621139e+01
4.633479212253828905e+01
4.635010940919037381e+01
4.636542669584245147e+01
4.638074398249452912e+01
4.639606126914660678e+01
4.641137855579868443e+01
4.642669584245076209e+01
4.644201312910283974e+01
4.645733041575492450e+01
4.647264770240700216e+01
4.648796498905907981e+01
4.650328227571115747e+01
4.651859956236323512e+01
4.653391684901531278e+01
4.654923413566739754e+01
4.656455142231947519e+01
4.657986870897155285e+01
4.659518599562363050e+01
4.661050328227570816e+01
4.662582056892778581e+01
4.664113785557986347e+01
4.665645514223194823e+01
4.667177242888402589e+01
4.668708971553610354e+01
4.670240700218818120e+01
4.671772428884025885e+01
4.673304157549233651e+01
4.674835886214442127e+01
4.676367614879649892e+01
4.677899343544857658e+01
4.679431072210065423e+01
4.680962800875273189e+01
4.682494529540480954e+01
4.684026258205689430e+01
4.685557986870897196e+01
4.687089715536104961e+01
4.688621444201312727e+01
4.690153172866520492e+01
4.691684901531728258e+01
4.693216630196936023e+01
4.694748358862144499e+01
4.696280087527352265e+01
4.697811816192560030e+01
4.699343544857767796e+01
4.700875273522975561e+01
4.702407002188183327e+01
4.703938730853391803e+01
4.705470459518599569e+01
4.707002188183807334e+01
4.708533916849015100e+01
4.710065645514222865e+01
4.711597374179430631e+01
4.713129102844639107e+01
4.714660831509846872e+01
4.716192560175054638e+01
4.717724288840262403e+01
4.719256017505470169e+01
4.720787746170677934e+01
4.722319474835885700e+01
4.723851203501094176e+01
4.725382932166301941e+01
4.726914660831509707e+01
4.728446389496717472e+01
4.729978118161925238e+01
4.731509846827133003e+01
4.733041575492341480e+01
4.734573304157549245e+01
4.736105032822757011e+01
4.737636761487964776e+01
4.739168490153172542e+01
4.740700218818380307e+01
4.742231947483588783e+01
4.743763676148796549e+01
4.745295404814004314e+01
4.746827133479212080e+01
4.748358862144419845e+01
4.749890590809627611e+01
4.751422319474835376e+01
4.752954048140043852e+01
4.754485776805251618e+01
4.756017505470459383e+01
4.757549234135667149e+01
4.759080962800874914e+01
4.760612691466082680e+01
4.762144420131291156e+01
4.763676148796498921e+01
4.765207877461706687e+01
4.766739606126914452e+01
4.768271334792122218e+01
4.769803063457329984e+01
4.771334792122538460e+01
4.772866520787746225e+01
4.774398249452953991e+01
4.775929978118161756e+01
4.777461706783369522e+01
4.778993435448577287e+01
4.780525164113785053e+01
4.782056892778993529e+01
4.783588621444201294e+01
4.785120350109409060e+01
4.786652078774616825e+01
4.788183807439824591e+01
4.789715536105032356e+01
4.791247264770240832e+01
4.792778993435448598e+01
4.794310722100656363e+01
4.795842450765864129e+01
4.797374179431071894e+01
4.798905908096279660e+01
4.800437636761488136e+01
4.801969365426695902e+01
4.803501094091903667e+01
4.805032822757111433e+01
4.806564551422319198e+01
4.808096280087526964e+01
4.809628008752734729e+01
4.811159737417943205e+01
4.812691466083150971e+01
4.814223194748358736e+01
4.815754923413566502e+01
4.817286652078774267e+01
4.818818380743982033e+01
4.820350109409190509e+01
4.821881838074398274e+01
4.823413566739606040e+01
4.824945295404813805e+01
4.826477024070021571e+01
4.828008752735229336e+01
4.829540481400437812e+01
4.831072210065645578e+01
4.832603938730853343e+01
4.834135667396061109e+01
4.835667396061268875e+01
4.837199124726476640e+01
4.838730853391684406e+01
4.840262582056892882e+01
4.841794310722100647e+01
4.843326039387308413e+01
4.844857768052516178e+01
4.846389496717723944e+01
4.847921225382931709e+01
4.849452954048140185e+01
4.850984682713347951e+01
4.852516411378555716e+01
4.854048140043763482e+01
4.855579868708971247e+01
4.857111597374179013e+01
4.858643326039386778e+01
4.860175054704595254e+01
4.861706783369803020e+01
4.863238512035010785e+01
4.864770240700218551e+01
4.866301969365426316e+01
4.867833698030634082e+01
4.869365426695842558e+01
4.870897155361050324e+01
4.872428884026258089e+01
4.873960612691465855e+01
4.875492341356673620e+01
4.877024070021881386e+01
4.878555798687089862e+01
4.880087527352297627e+01
4.881619256017505393e+01
4.883150984682713158e+01
4.884682713347920924e+01
4.886214442013128689e+01
4.887746170678336455e+01
4.889277899343544931e+01
4.890809628008752696e+01
4.892341356673960462e+01
4.893873085339168227e+01
4.895404814004375993e+01
4.896936542669583758e+01
4.898468271334792234e+01
4.900000000000000000e+01
