0.000000000000000000e+00
1.228070175438596423e-01
2.456140350877192846e-01
3.684210526315789269e-01
4.912280701754385692e-01
6.140350877192981560e-01
7.368421052631578538e-01
8.596491228070175517e-01
9.824561403508771384e-01
1.105263157894736725e+00
1.228070175438596312e+00
1.350877192982456121e+00
1.473684210526315708e+00
1.596491228070175294e+00
1.719298245614035103e+00
1.842105263157894690e+00
1.964912280701754277e+00
2.087719298245613864e+00
2.210526315789473450e+00
2.333333333333333037e+00
2.456140350877192624e+00
2.578947368421052655e+00
2.701754385964912242e+00
2.824561403508771829e+00
2.947368421052631415e+00
3.070175438596491002e+00
3.192982456140350589e+00
3.315789473684210176e+00
3.438596491228070207e+00
3.561403508771929793e+00
3.684210526315789380e+00
3.807017543859648967e+00
3.929824561403508554e+00
4.052631578947368141e+00
4.175438596491227727e+00
4.298245614035087314e+00
4.421052631578946901e+00
4.543859649122806488e+00
4.666666666666666075e+00
4.789473684210525661e+00
4.912280701754385248e+00
5.035087719298245723e+00
5.157894736842105310e+00
5.280701754385964897e+00
5.403508771929824483e+00
5.526315789473684070e+00
5.649122807017543657e+00
5.771929824561403244e+00
5.894736842105262831e+00
6.017543859649122417e+00
6.140350877192982004e+00
6.263157894736841591e+00
6.385964912280701178e+00
6.508771929824560765e+00
6.631578947368420351e+00
6.754385964912279938e+00
6.877192982456140413e+00
7.000000000000000000e+00
7.122807017543859587e+00
7.245614035087719174e+00
7.368421052631578760e+00
7.491228070175438347e+00
7.614035087719297934e+00
7.736842105263157521e+00
7.859649122807017108e+00
7.982456140350876694e+00
8.105263157894736281e+00
8.228070175438595868e+00
8.350877192982455455e+00
8.473684210526315042e+00
8.596491228070174628e+00
8.719298245614034215e+00
8.842105263157893802e+00
8.964912280701753389e+00
9.087719298245612976e+00
9.210526315789472562e+00
9.333333333333332149e+00
9.456140350877191736e+00
9.578947368421051323e+00
9.701754385964910909e+00
9.824561403508770496e+00
9.947368421052631859e+00
1.007017543859649145e+01
1.019298245614035103e+01
1.031578947368421062e+01
1.043859649122807021e+01
1.056140350877192979e+01
1.068421052631578938e+01
1.080701754385964897e+01
1.092982456140350855e+01
1.105263157894736814e+01
1.117543859649122773e+01
1.129824561403508731e+01
1.142105263157894690e+01
1.154385964912280649e+01
1.166666666666666607e+01
1.178947368421052566e+01
1.191228070175438525e+01
1.203508771929824483e+01
1.215789473684210442e+01
1.228070175438596401e+01
1.240350877192982360e+01
1.252631578947368318e+01
1.264912280701754277e+01
1.277192982456140236e+01
1.289473684210526194e+01
1.301754385964912153e+01
1.314035087719298112e+01
1.326315789473684070e+01
1.338596491228070029e+01
1.350877192982455988e+01
1.363157894736841946e+01
1.375438596491228083e+01
1.387719298245614041e+01
1.400000000000000000e+01
1.412280701754385959e+01
1.424561403508771917e+01
1.436842105263157876e+01
1.449122807017543835e+01
1.461403508771929793e+01
1.473684210526315752e+01
1.485964912280701711e+01
1.498245614035087669e+01
1.510526315789473628e+01
1.522807017543859587e+01
1.535087719298245545e+01
1.547368421052631504e+01
1.559649122807017463e+01
1.571929824561403422e+01
1.584210526315789380e+01
1.596491228070175339e+01
1.608771929824561298e+01
1.621052631578947256e+01
1.633333333333333215e+01
1.645614035087719174e+01
1.657894736842105132e+01
1.670175438596491091e+01
1.682456140350877050e+01
1.694736842105263008e+01
1.707017543859648967e+01
1.719298245614034926e+01
1.731578947368420884e+01
1.743859649122806843e+01
1.756140350877192802e+01
1.768421052631578760e+01
1.780701754385964719e+01
1.792982456140350678e+01
1.805263157894736636e+01
1.817543859649122595e+01
1.829824561403508554e+01
1.842105263157894512e+01
1.854385964912280471e+01
1.866666666666666430e+01
1.878947368421052388e+01
1.891228070175438347e+01
1.903508771929824306e+01
1.915789473684210265e+01
1.928070175438596223e+01
1.940350877192982182e+01
1.952631578947368141e+01
1.964912280701754099e+01
1.977192982456140413e+01
1.989473684210526372e+01
2.001754385964912331e+01
2.014035087719298289e+01
2.026315789473684248e+01
2.038596491228070207e+01
2.050877192982456165e+01
2.063157894736842124e+01
2.075438596491228083e+01
2.087719298245614041e+01
2.100000000000000000e+01
2.112280701754385959e+01
2.124561403508771917e+01
2.136842105263157876e+01
2.149122807017543835e+01
2.161403508771929793e+01
2.173684210526315752e+01
2.185964912280701711e+01
2.198245614035087669e+01
2.210526315789473628e+01
2.222807017543859587e+01
2.235087719298245545e+01
2.247368421052631504e+01
2.259649122807017463e+01
2.271929824561403422e+01
2.284210526315789380e+01
2.296491228070175339e+01
2.308771929824561298e+01
2.321052631578947256e+01
2.333333333333333215e+01
2.345614035087719174e+01
2.357894736842105132e+01
2.370175438596491091e+01
2.382456140350877050e+01
2.394736842105263008e+01
2.407017543859648967e+01
2.419298245614034926e+01
2.431578947368420884e+01
2.443859649122806843e+01
2.456140350877192802e+01
2.468421052631578760e+01
2.480701754385964719e+01
2.492982456140350678e+01
2.505263157894736636e+01
2.517543859649122595e+01
2.529824561403508554e+01
2.542105263157894512e+01
2.554385964912280471e+01
2.566666666666666430e+01
2.578947368421052388e+01
2.591228070175438347e+01
2.603508771929824306e+01
2.615789473684210265e+01
2.628070175438596223e+01
2.640350877192982182e+01
2.652631578947368141e+01
2.664912280701754099e+01
2.677192982456140058e+01
2.689473684210526017e+01
2.701754385964911975e+01
2.714035087719297934e+01
2.726315789473683893e+01
2.738596491228069851e+01
2.750877192982456165e+01
2.763157894736842124e+01
2.775438596491228083e+01
2.787719298245614041e+01
2.800000000000000000e+01
2.812280701754385959e+01
2.824561403508771917e+01
2.836842105263157876e+01
2.849122807017543835e+01
2.861403508771929793e+01
2.873684210526315752e+01
2.885964912280701711e+01
2.898245614035087669e+01
2.910526315789473628e+01
2.922807017543859587e+01
2.935087719298245545e+01
2.947368421052631504e+01
2.959649122807017463e+01
2.971929824561403422e+01
2.984210526315789380e+01
2.996491228070175339e+01
3.008771929824561298e+01
3.021052631578947256e+01
3.033333333333333215e+01
3.045614035087719174e+01
3.057894736842105132e+01
3.070175438596491091e+01
3.082456140350877050e+01
3.094736842105263008e+01
3.107017543859648967e+01
3.119298245614034926e+01
3.131578947368420884e+01
3.143859649122806843e+01
3.156140350877192802e+01
3.168421052631578760e+01
3.180701754385964719e+01
3.192982456140350678e+01
3.205263157894736992e+01
3.217543859649122595e+01
3.229824561403508909e+01
3.242105263157894512e+01
3.254385964912280826e+01
3.266666666666666430e+01
3.278947368421052744e+01
3.291228070175438347e+01
3.303508771929824661e+01
3.315789473684210265e+01
3.328070175438596578e+01
3.340350877192982182e+01
3.352631578947368496e+01
3.364912280701754099e+01
3.377192982456140413e+01
3.389473684210526017e+01
3.401754385964912331e+01
3.414035087719297934e+01
3.426315789473684248e+01
3.438596491228069851e+01
3.450877192982456165e+01
3.463157894736841769e+01
3.475438596491228083e+01
3.487719298245613686e+01
3.500000000000000000e+01
3.512280701754385603e+01
3.524561403508771917e+01
3.536842105263157521e+01
3.549122807017543835e+01
3.561403508771929438e+01
3.573684210526315752e+01
3.585964912280701355e+01
3.598245614035087669e+01
3.610526315789473273e+01
3.622807017543859587e+01
3.635087719298245190e+01
3.647368421052631504e+01
3.659649122807017108e+01
3.671929824561403422e+01
3.684210526315789025e+01
3.696491228070175339e+01
3.708771929824560942e+01
3.721052631578947256e+01
3.733333333333332860e+01
3.745614035087719174e+01
3.757894736842104777e+01
3.770175438596491091e+01
3.782456140350876694e+01
3.794736842105263008e+01
3.807017543859648612e+01
3.819298245614034926e+01
3.831578947368420529e+01
3.843859649122806843e+01
3.856140350877192446e+01
3.868421052631578760e+01
3.880701754385964364e+01
3.892982456140350678e+01
3.905263157894736281e+01
3.917543859649122595e+01
3.929824561403508199e+01
3.942105263157894512e+01
3.954385964912280826e+01
3.966666666666666430e+01
3.978947368421052744e+01
3.991228070175438347e+01
4.003508771929824661e+01
4.015789473684210265e+01
4.028070175438596578e+01
4.040350877192982182e+01
4.052631578947368496e+01
4.064912280701754099e+01
4.077192982456140413e+01
4.089473684210526017e+01
4.101754385964912331e+01
4.114035087719297934e+01
4.126315789473684248e+01
4.138596491228069851e+01
4.150877192982456165e+01
4.163157894736841769e+01
4.175438596491228083e+01
4.187719298245613686e+01
4.200000000000000000e+01
4.212280701754385603e+01
4.224561403508771917e+01
4.236842105263157521e+01
4.249122807017543835e+01
4.261403508771929438e+01
4.273684210526315752e+01
4.285964912280701355e+01
4.298245614035087669e+01
4.310526315789473273e+01
4.322807017543859587e+01
4.335087719298245190e+01
4.347368421052631504e+01
4.359649122807017108e+01
4.371929824561403422e+01
4.384210526315789025e+01
4.396491228070175339e+01
4.408771929824560942e+01
4.421052631578947256e+01
4.433333333333332860e+01
4.445614035087719174e+01
4.457894736842104777e+01
4.470175438596491091e+01
4.482456140350876694e+01
4.494736842105263008e+01
4.507017543859648612e+01
4.519298245614034926e+01
4.531578947368420529e+01
4.543859649122806843e+01
4.556140350877192446e+01
4.568421052631578760e+01
4.580701754385964364e+01
4.592982456140350678e+01
4.605263157894736281e+01
4.617543859649122595e+01
4.629824561403508199e+01
4.642105263157894512e+01
4.654385964912280116e+01
4.666666666666666430e+01
4.678947368421052033e+01
4.691228070175438347e+01
4.703508771929823951e+01
4.715789473684210265e+01
4.728070175438596578e+01
4.740350877192982182e+01
4.752631578947368496e+01
4.764912280701754099e+01
4.777192982456140413e+01
4.789473684210526017e+01
4.801754385964912331e+01
4.814035087719297934e+01
4.826315789473684248e+01
4.838596491228069851e+01
4.850877192982456165e+01
4.863157894736841769e+01
4.875438596491228083e+01
4.887719298245613686e+01
4.900000000000000000e+01
