0.000000000000000000e+00
2.462311557788944838e-01
4.924623115577889676e-01
7.386934673366833959e-01
9.849246231155779352e-01
1.231155778894472475e+00
1.477386934673366792e+00
1.723618090452261331e+00
1.969849246231155870e+00
2.216080402010050410e+00
2.462311557788944949e+00
2.708542713567839488e+00
2.954773869346733584e+00
3.201005025125628123e+00
3.447236180904522662e+00
3.693467336683417201e+00
3.939698492462311741e+00
4.185929648241206280e+00
4.432160804020100819e+00
4.678391959798995359e+00
4.924623115577889898e+00
5.170854271356784437e+00
5.417085427135678977e+00
5.663316582914573516e+00
5.909547738693467167e+00
6.155778894472361706e+00
6.402010050251256246e+00
6.648241206030150785e+00
6.894472361809045324e+00
7.140703517587939864e+00
7.386934673366834403e+00
7.633165829145728942e+00
7.879396984924623482e+00
8.125628140703517133e+00
8.371859296482412560e+00
8.618090452261306211e+00
8.864321608040201639e+00
9.110552763819095290e+00
9.356783919597990717e+00
9.603015075376884369e+00
9.849246231155779796e+00
1.009547738693467345e+01
1.034170854271356887e+01
1.058793969849246253e+01
1.083417085427135795e+01
1.108040201005025160e+01
1.132663316582914703e+01
1.157286432160804068e+01
1.181909547738693433e+01
1.206532663316582976e+01
1.231155778894472341e+01
1.255778894472361884e+01
1.280402010050251249e+01
1.305025125628140792e+01
1.329648241206030157e+01
1.354271356783919700e+01
1.378894472361809065e+01
1.403517587939698608e+01
1.428140703517587973e+01
1.452763819095477515e+01
1.477386934673366881e+01
1.502010050251256423e+01
1.526633165829145788e+01
1.551256281407035331e+01
1.575879396984924696e+01
1.600502512562814061e+01
1.625125628140703427e+01
1.649748743718593147e+01
1.674371859296482512e+01
1.698994974874371877e+01
1.723618090452261242e+01
1.748241206030150963e+01
1.772864321608040328e+01
1.797487437185929693e+01
1.822110552763819058e+01
1.846733668341708778e+01
1.871356783919598143e+01
1.895979899497487509e+01
1.920603015075376874e+01
1.945226130653266594e+01
1.969849246231155959e+01
1.994472361809045324e+01
2.019095477386934689e+01
2.043718592964824055e+01
2.068341708542713775e+01
2.092964824120603140e+01
2.117587939698492505e+01
2.142211055276381870e+01
2.166834170854271591e+01
2.191457286432160956e+01
2.216080402010050321e+01
2.240703517587939686e+01
2.265326633165829406e+01
2.289949748743718771e+01
2.314572864321608137e+01
2.339195979899497502e+01
2.363819095477386867e+01
2.388442211055276587e+01
2.413065326633165952e+01
2.437688442211055317e+01
2.462311557788944683e+01
2.486934673366834403e+01
2.511557788944723768e+01
2.536180904522613133e+01
2.560804020100502498e+01
2.585427135678392219e+01
2.610050251256281584e+01
2.634673366834170949e+01
2.659296482412060314e+01
2.683919597989950034e+01
2.708542713567839400e+01
2.733165829145728765e+01
2.757788944723618130e+01
2.782412060301507495e+01
2.807035175879397215e+01
2.831658291457286580e+01
2.856281407035175945e+01
2.880904522613065311e+01
2.905527638190955031e+01
2.930150753768844396e+01
2.954773869346733761e+01
2.979396984924623126e+01
3.004020100502512847e+01
3.028643216080402212e+01
3.053266331658291577e+01
3.077889447236180942e+01
3.102512562814070662e+01
3.127135678391960028e+01
3.151758793969849393e+01
3.176381909547738758e+01
3.201005025125628123e+01
3.225628140703517488e+01
3.250251256281406853e+01
3.274874371859296929e+01
3.299497487437186294e+01
3.324120603015075659e+01
3.348743718592965024e+01
3.373366834170854389e+01
3.397989949748743754e+01
3.422613065326633119e+01
3.447236180904522485e+01
3.471859296482412560e+01
3.496482412060301925e+01
3.521105527638191290e+01
3.545728643216080656e+01
3.570351758793970021e+01
3.594974874371859386e+01
3.619597989949748751e+01
3.644221105527638116e+01
3.668844221105527481e+01
3.693467336683417557e+01
3.718090452261306922e+01
3.742713567839196287e+01
3.767336683417085652e+01
3.791959798994975017e+01
3.816582914572864382e+01
3.841206030150753747e+01
3.865829145728643113e+01
3.890452261306533188e+01
3.915075376884422553e+01
3.939698492462311918e+01
3.964321608040201284e+01
3.988944723618090649e+01
4.013567839195980014e+01
4.038190954773869379e+01
4.062814070351758744e+01
4.087437185929648109e+01
4.112060301507538185e+01
4.136683417085427550e+01
4.161306532663316915e+01
4.185929648241206280e+01
4.210552763819095645e+01
4.235175879396985010e+01
4.259798994974874375e+01
4.284422110552763741e+01
4.309045226130653816e+01
4.333668341708543181e+01
4.358291457286432546e+01
4.382914572864321912e+01
4.407537688442211277e+01
4.432160804020100642e+01
4.456783919597990007e+01
4.481407035175879372e+01
4.506030150753768737e+01
4.530653266331658813e+01
4.555276381909548178e+01
4.579899497487437543e+01
4.604522613065326908e+01
4.629145728643216273e+01
4.653768844221105638e+01
4.678391959798995003e+01
4.703015075376884369e+01
4.727638190954773734e+01
4.752261306532663809e+01
4.776884422110553174e+01
4.801507537688442540e+01
4.826130653266331905e+01
4.850753768844221270e+01
4.875376884422110635e+01
4.900000000000000000e+01
