0.000000000000000000e+00
4.949494949494949725e-01
9.898989898989899450e-01
1.484848484848484862e+00
1.979797979797979890e+00
2.474747474747474918e+00
2.969696969696969724e+00
3.464646464646464974e+00
3.959595959595959780e+00
4.454545454545455030e+00
4.949494949494949836e+00
5.444444444444444642e+00
5.939393939393939448e+00
6.434343434343434254e+00
6.929292929292929948e+00
7.424242424242424754e+00
7.919191919191919560e+00
8.414141414141415254e+00
8.909090909090910060e+00
9.404040404040404866e+00
9.898989898989899672e+00
1.039393939393939448e+01
1.088888888888888928e+01
1.138383838383838409e+01
1.187878787878787890e+01
1.237373737373737370e+01
1.286868686868686851e+01
1.336363636363636509e+01
1.385858585858585990e+01
1.435353535353535470e+01
1.484848484848484951e+01
1.534343434343434431e+01
1.583838383838383912e+01
1.633333333333333570e+01
1.682828282828283051e+01
1.732323232323232531e+01
1.781818181818182012e+01
1.831313131313131493e+01
1.880808080808080973e+01
1.930303030303030454e+01
1.979797979797979934e+01
2.029292929292929415e+01
2.078787878787878896e+01
2.128282828282828376e+01
2.177777777777777857e+01
2.227272727272727337e+01
2.276767676767676818e+01
2.326262626262626299e+01
2.375757575757575779e+01
2.425252525252525260e+01
2.474747474747474740e+01
2.524242424242424221e+01
2.573737373737373701e+01
2.623232323232323182e+01
2.672727272727273018e+01
2.722222222222222499e+01
2.771717171717171979e+01
2.821212121212121460e+01
2.870707070707070940e+01
2.920202020202020421e+01
2.969696969696969902e+01
3.019191919191919382e+01
3.068686868686868863e+01
3.118181818181818343e+01
3.167676767676767824e+01
3.217171717171717660e+01
3.266666666666667140e+01
3.316161616161616621e+01
3.365656565656566102e+01
3.415151515151515582e+01
3.464646464646465063e+01
3.514141414141414543e+01
3.563636363636364024e+01
3.613131313131313505e+01
3.662626262626262985e+01
3.712121212121212466e+01
3.761616161616161946e+01
3.811111111111111427e+01
3.860606060606060908e+01
3.910101010101010388e+01
3.959595959595959869e+01
4.009090909090909349e+01
4.058585858585858830e+01
4.108080808080808310e+01
4.157575757575757791e+01
4.207070707070707272e+01
4.256565656565656752e+01
4.306060606060606233e+01
4.355555555555555713e+01
4.405050505050505194e+01
4.454545454545454675e+01
4.504040404040404155e+01
4.553535353535353636e+01
4.603030303030303116e+01
4.652525252525252597e+01
4.702020202020202078e+01
4.751515151515151558e+01
4.801010101010101039e+01
4.850505050505050519e+01
4.900000000000000000e+01
