Subject 4 output
---------------------


Taxa 0: NA TAXA_1
-------------------
Data: 7.7234E+07  2.2295E+08  1.3888E+08  3.5604E+07  6.2098E+06  2.6813E+06  3.7557E+06  5.2073E+06  7.1624E+06  4.9303E+06  2.4201E+07  1.9317E+07  3.9221E+06  3.6935E+06  2.3849E+06  2.9079E+06  0.0000E+00  0.0000E+00  0.0000E+00  0.0000E+00  0.0000E+00  0.0000E+00  0.0000E+00  0.0000E+00  0.0000E+00  0.0000E+00  
Learned Values:
	median: 3.2788E+07
	mean: 3.5721E+07
	25th percentile: 2.4253E+07
	75th percentile: 4.4976E+07


Taxa 1: NA TAXA_2
-------------------
Data: 0.0000E+00  0.0000E+00  4.8054E+05  0.0000E+00  0.0000E+00  0.0000E+00  0.0000E+00  5.4814E+04  0.0000E+00  0.0000E+00  3.8825E+05  0.0000E+00  0.0000E+00  2.4623E+05  1.6156E+06  8.1271E+06  1.4928E+08  2.9057E+07  3.5364E+07  2.6301E+08  2.4829E+08  2.1293E+08  6.9049E+07  5.1515E+07  2.6954E+07  7.0632E+07  
Learned Values:
	median: 6.5960E+07
	mean: 7.0771E+07
	25th percentile: 4.8312E+07
	75th percentile: 8.9269E+07


Taxa 2: NA TAXA_3
-------------------
Data: 5.1064E+07  1.1175E+08  9.9232E+07  8.6199E+07  6.6755E+07  6.6410E+07  6.8723E+07  4.8620E+07  6.8613E+07  3.3354E+07  1.2126E+08  1.2835E+08  3.9281E+07  4.4014E+07  3.0311E+07  4.9285E+07  3.0543E+07  7.2810E+06  7.1386E+06  2.9782E+07  3.0905E+07  5.8886E+07  3.9598E+07  3.3580E+07  3.7584E+07  7.3149E+07  
Learned Values:
	median: 1.0340E+08
	mean: 1.0936E+08
	25th percentile: 7.5762E+07
	75th percentile: 1.3504E+08


Taxa 3: NA TAXA_4
-------------------
Data: 1.2940E+07  4.0569E+07  1.2014E+07  1.4406E+07  9.9035E+06  9.9770E+06  8.6974E+06  6.5228E+06  6.3485E+06  5.2304E+06  2.8989E+07  3.0049E+07  9.6544E+06  1.0219E+07  8.9241E+06  2.4605E+07  2.6444E+06  5.0098E+06  7.3583E+06  1.7598E+07  4.6029E+06  1.4793E+07  5.6004E+06  4.8081E+06  5.4867E+06  2.2466E+07  
Learned Values:
	median: 2.2208E+07
	mean: 2.3779E+07
	25th percentile: 1.6432E+07
	75th percentile: 2.8705E+07


Taxa 4: NA TAXA_5
-------------------
Data: 1.3346E+06  3.5775E+07  2.0423E+07  2.4946E+07  2.6606E+07  6.1234E+07  1.0397E+08  7.7287E+07  1.3316E+08  7.3911E+07  2.8730E+08  2.9598E+08  6.0099E+07  8.4888E+07  6.8470E+07  3.2285E+07  1.0181E+07  2.4248E+07  1.0400E+08  2.2104E+08  1.0902E+08  1.4878E+08  7.4913E+07  4.5944E+07  9.6978E+07  2.7714E+08  
Learned Values:
	median: 1.5691E+08
	mean: 1.6755E+08
	25th percentile: 1.1576E+08
	75th percentile: 2.0441E+08


Taxa 5: NA TAXA_6
-------------------
Data: 1.0195E+08  3.8135E+08  6.1846E+08  4.0828E+08  2.9673E+08  2.4438E+08  1.3158E+08  1.7354E+08  2.7925E+08  1.4096E+08  6.0515E+08  7.3169E+08  1.5622E+08  2.3527E+08  2.0425E+08  1.5360E+08  7.7428E+08  3.7554E+08  2.9455E+08  7.5267E+08  5.7010E+08  5.8133E+08  2.7817E+08  1.7843E+08  3.2358E+08  4.8975E+08  
Learned Values:
	median: 6.0784E+08
	mean: 6.5033E+08
	25th percentile: 4.3839E+08
	75th percentile: 8.1282E+08


Taxa 6: NA TAXA_7
-------------------
Data: 3.8762E+08  1.7458E+09  2.7691E+09  1.7173E+09  1.0050E+09  9.1820E+08  1.4354E+09  8.6035E+08  1.3194E+09  6.8878E+08  2.9900E+09  3.0639E+09  1.1333E+09  1.1072E+09  1.1319E+09  8.7236E+08  1.2402E+09  4.9270E+08  8.7256E+08  1.5448E+09  1.1468E+09  1.1476E+09  7.8056E+08  8.2325E+08  9.8261E+08  2.2279E+09  
Learned Values:
	median: 2.0686E+09
	mean: 2.2228E+09
	25th percentile: 1.5189E+09
	75th percentile: 2.7599E+09


Taxa 7: NA TAXA_8
-------------------
Data: 4.1838E+07  5.6613E+08  2.9714E+09  2.3731E+09  8.6433E+08  7.6399E+08  1.1828E+09  1.1022E+09  1.7519E+09  6.8269E+08  2.7958E+09  3.5969E+09  1.3496E+09  1.3468E+09  1.2358E+09  1.2259E+09  2.0846E+09  8.3310E+08  1.4945E+09  2.9345E+09  2.1139E+09  1.8687E+09  1.2305E+09  1.5022E+09  1.4942E+09  3.4642E+09  
Learned Values:
	median: 2.5703E+09
	mean: 2.6605E+09
	25th percentile: 1.8609E+09
	75th percentile: 3.3274E+09


Taxa 8: NA TAXA_9
-------------------
Data: 3.7718E+06  1.4384E+07  6.1750E+07  7.6361E+07  5.0267E+07  4.0594E+07  5.7456E+07  7.3505E+07  1.3364E+08  6.1864E+07  2.4757E+08  3.7282E+08  1.5175E+08  1.1364E+08  1.1563E+08  8.6640E+07  1.3883E+07  3.3399E+05  2.1965E+05  5.6083E+06  1.1704E+07  1.6357E+07  3.2943E+07  4.7699E+07  6.7761E+07  1.4342E+08  
Learned Values:
	median: 1.3304E+08
	mean: 1.4273E+08
	25th percentile: 9.8718E+07
	75th percentile: 1.7607E+08


Taxa 9: NA TAXA_10
-------------------
Data: 1.3468E+08  4.3594E+08  5.4638E+08  3.2547E+08  2.0241E+08  3.3186E+08  4.0456E+08  2.5428E+08  5.7747E+08  3.0868E+08  9.3296E+08  8.5532E+08  2.4130E+08  2.5306E+08  2.4926E+08  3.9227E+08  1.5958E+09  4.8262E+08  3.5627E+08  8.4685E+08  7.4291E+08  7.4234E+08  4.6384E+08  3.4855E+08  3.9607E+08  1.1763E+09  
Learned Values:
	median: 8.7136E+08
	mean: 9.3589E+08
	25th percentile: 6.2501E+08
	75th percentile: 1.1805E+09


Taxa 10: NA TAXA_11
-------------------
Data: 1.1001E+09  2.1452E+09  1.4452E+09  5.6650E+08  1.4882E+08  8.4119E+07  1.6690E+08  2.0714E+08  2.3514E+08  8.9174E+07  4.9256E+08  8.2399E+08  2.4558E+08  2.1102E+08  1.8094E+08  1.6075E+08  5.8838E+07  2.7073E+08  5.2551E+08  1.1547E+09  7.7289E+08  7.0081E+08  3.6791E+08  3.4382E+08  3.1494E+08  3.9342E+08  
Learned Values:
	median: 8.5251E+08
	mean: 9.0684E+08
	25th percentile: 6.1540E+08
	75th percentile: 1.1346E+09


Taxa 11: NA TAXA_12
-------------------
Data: 4.7693E+08  1.1712E+09  6.1990E+08  4.7152E+08  6.2579E+07  2.1638E+07  4.4146E+07  6.7804E+07  1.2958E+08  5.6248E+07  1.4326E+08  2.1743E+08  8.8277E+07  6.4635E+07  5.0621E+07  8.0078E+07  8.9910E+07  9.1446E+07  7.0507E+07  1.1081E+08  4.8396E+07  3.8262E+07  2.9715E+07  4.5410E+07  5.3153E+07  1.1125E+08  
Learned Values:
	median: 2.9102E+08
	mean: 3.0954E+08
	25th percentile: 2.0886E+08
	75th percentile: 3.8630E+08


Taxa 12: NA TAXA_13
-------------------
Data: 5.8027E+04  6.4542E+06  1.2686E+08  2.3049E+08  7.4731E+07  6.3042E+07  9.9625E+07  1.2909E+08  2.2041E+08  9.7663E+07  3.4451E+08  3.9386E+08  1.6925E+08  1.5974E+08  9.2857E+07  6.7552E+07  7.0474E+07  6.7266E+07  1.4969E+08  2.8177E+08  1.8556E+08  2.6257E+08  1.1662E+08  1.0242E+08  9.5264E+07  2.5305E+08  
Learned Values:
	median: 2.5043E+08
	mean: 2.6991E+08
	25th percentile: 1.8420E+08
	75th percentile: 3.3669E+08


Taxa 13: NA TAXA_14
-------------------
Data: 1.0149E+08  3.6070E+08  2.0015E+08  2.2452E+08  7.2804E+07  5.6931E+07  1.3758E+08  1.3747E+08  2.1805E+08  9.0589E+07  4.1232E+08  4.7842E+08  1.9339E+08  1.6424E+08  1.1701E+08  2.2271E+08  6.6071E+08  2.1796E+08  2.5897E+08  5.2041E+08  2.2791E+08  1.7438E+08  6.0682E+07  1.0799E+08  1.0384E+08  2.8954E+08  
Learned Values:
	median: 3.6052E+08
	mean: 3.9226E+08
	25th percentile: 2.6766E+08
	75th percentile: 4.8548E+08
